drews 1.0
150 35903
0.703375 0 0
0.999664 -0.0118638 0.023063
0.0118152 0.999928 0.00223963
-0.0230879 -0.00196638 0.999731
-0.0221555 0.000701232 -0.00959477
0.703375 0 0
1 0 0
0 1 0
0 0 1
-0 -0 -0
0.703375 0 0
0.95896 -0.107453 0.262393
0.145725 0.980613 -0.131005
-0.243229 0.163866 0.956027
-0.145282 -0.00597859 -0.0662023
0.703375 0 0
0.9997 -0.0113087 0.021717
0.0112633 0.999934 0.00221
-0.0217406 -0.00196473 0.999762
-0.0205524 0.000518141 -0.0091127
0.703375 0 0
0.894528 -0.170111 0.413379
0.27349 0.939755 -0.205093
-0.353587 0.296517 0.887161
-0.188873 0.00336756 -0.0523493
0.703375 0 0
0.96138 -0.104478 0.254623
0.139972 0.982172 -0.125483
-0.236973 0.156277 0.958865
-0.138529 -0.00938538 -0.0638515
0.703375 0 0
0.999344 -0.0154779 0.0327543
0.0154019 0.999878 0.00256942
-0.0327901 -0.00206326 0.99946
-0.0307483 0.000811877 -0.0119398
0.703375 0 0
0.980047 -0.0760551 0.183642
0.0762231 0.997072 0.00615478
-0.183572 0.00796579 0.982974
-0.0800674 -0.00690593 -0.0159769
0.703375 0 0
0.965672 -0.099067 0.240133
0.128401 0.985633 -0.109727
-0.225813 0.136793 0.964518
-0.124099 -0.0174107 -0.056688
0.703375 0 0
0.993681 -0.043383 0.103518
0.0430336 0.999058 0.00560743
-0.103664 -0.00111723 0.994612
-0.0534889 -0.00443638 -0.00865055
0.703375 0 0
0.994632 -0.0401016 0.0953894
0.0397773 0.999195 0.00529999
-0.0955251 -0.00147721 0.995426
-0.0516803 -0.004001 -0.00948824
0.703375 0 0
0.512004 0.327103 -0.794264
-0.722257 0.664458 -0.191941
0.46497 0.671937 0.576457
0.344386 -0.0477463 0.0153251
0.703375 0 0
0.894019 -0.170551 0.414297
0.276862 0.937326 -0.211583
-0.352246 0.303862 0.885207
-0.189996 0.00850086 -0.0573647
0.703375 0 0
0.983605 -0.069016 0.166605
0.0685569 0.997611 0.00851251
-0.166795 0.003049 0.985987
-0.0703757 -0.00686899 -0.00839662
0.703375 0 0
0.898893 -0.166712 0.405215
0.262113 0.945666 -0.192387
-0.351124 0.279148 0.89375
-0.18309 0.00136667 -0.0500568
0.703375 0 0
0.87512 0.181739 -0.448481
-0.326462 0.905842 -0.269948
0.357193 0.382649 0.852052
0.223769 0.0114216 0.0349911
0.703375 0 0
0.622235 0.298418 -0.72372
-0.545438 0.828418 -0.127364
0.561535 0.473994 0.678239
0.302666 -0.00732573 0.0530406
0.703375 0 0
0.969258 -0.093916 0.227418
0.115163 0.989956 -0.0820053
-0.217432 0.105674 0.970338
-0.11532 -0.0209568 -0.0475138
0.703375 0 0
0.471275 0.33556 -0.815659
-0.740556 0.652838 -0.159306
0.479037 0.679118 0.556167
0.352398 -0.0420366 0.0489317
0.703375 0 0
0.955477 -0.111617 0.273142
0.153653 0.978492 -0.137641
-0.251904 0.173482 0.952076
-0.152915 -0.00143791 -0.0672639
0.703375 0 0
0.928447 0.136204 -0.345594
-0.246943 0.92132 -0.300313
0.277499 0.364167 0.889031
0.19456 0.0182584 0.0258264
0.703375 0 0
0.709217 0.268809 -0.651731
-0.48524 0.856758 -0.174668
0.511424 0.440123 0.738063
0.286069 -0.0135696 0.0523828
0.703375 0 0
0.646868 0.290931 -0.704926
-0.52842 0.837484 -0.13926
0.549849 0.46258 0.695476
0.296493 -0.0110331 0.0561348
0.703375 0 0
0.900388 -0.165101 0.402546
0.277078 0.93092 -0.23794
-0.335454 0.325775 0.883935
-0.207612 0.0522261 -0.10738
0.703375 0 0
0.984629 0.0587488 -0.164484
-0.112026 0.934933 -0.336677
0.134002 0.349928 0.927143
0.144509 0.0381188 0.0108673
0.703375 0 0
0.372679 -0.356347 0.856812
0.75248 0.656372 -0.0543145
-0.543033 0.664976 0.51276
-0.402195 -0.0328038 -0.0240331
0.703375 0 0
0.719525 -0.265341 0.641777
0.529986 0.806989 -0.260545
-0.448773 0.527602 0.721276
-0.318213 0.0775077 -0.115201
0.703375 0 0
0.882108 -0.187582 0.432086
0.310831 0.921027 -0.234719
-0.353934 0.341353 0.870752
-0.177171 0.00478398 -0.053154
0.703375 0 0
0.893875 -0.170838 0.414491
0.279549 0.935192 -0.217411
-0.350486 0.310208 0.883702
-0.195707 0.0251492 -0.0773421
0.703375 0 0
-0.0246289 0.38134 -0.924107
-0.826421 0.512372 0.23346
0.562514 0.769451 0.302528
0.389318 -0.177453 0.158641
0.703375 0 0
0.893859 -0.170702 0.414581
0.277718 0.936734 -0.213079
-0.351979 0.305599 0.884715
-0.191511 0.0121624 -0.062007
0.703375 0 0
0.474326 -0.331122 0.815704
0.699921 0.703847 -0.121284
-0.533971 0.628456 0.565612
-0.434256 0.0129877 -0.0508901
0.703375 0 0
0.628546 -0.293842 0.72013
0.612237 0.757955 -0.225099
-0.479683 0.582375 0.656311
-0.381922 0.055018 -0.0797183
0.703375 0 0
0.588616 -0.305216 0.748582
0.639128 0.742714 -0.199728
-0.495022 0.596003 0.632245
-0.402167 0.0484909 -0.0763412
0.703375 0 0
0.929256 -0.141621 0.341214
0.281455 0.869659 -0.405556
-0.239305 0.472901 0.847996
-0.222474 0.151084 -0.165189
0.703375 0 0
0.570868 -0.309722 0.760383
0.649938 0.736365 -0.188011
-0.501688 0.601531 0.621667
-0.413268 0.0455131 -0.0727284
0.703375 0 0
0.497756 -0.326416 0.803549
0.68891 0.711656 -0.137655
-0.526918 0.622092 0.579102
-0.432474 0.0230646 -0.056419
0.703375 0 0
0.608125 -0.299719 0.735087
0.62658 0.749786 -0.212647
-0.487423 0.589907 0.643761
-0.393061 0.0529801 -0.0782605
0.703375 0 0
0.525879 -0.319941 0.788092
0.674743 0.721048 -0.15752
-0.517855 0.614596 0.595062
-0.429534 0.0342035 -0.0635081
0.703375 0 0
0.551911 -0.313673 0.77266
0.660631 0.72989 -0.175578
-0.508882 0.607346 0.610057
-0.423299 0.0423075 -0.0689862
0.703375 0 0
0.934502 -0.136665 0.328676
0.270758 0.872326 -0.407108
-0.231075 0.469435 0.852194
-0.216695 0.146027 -0.159482
0.703375 0 0
0.660203 -0.283755 0.695425
0.58824 0.77105 -0.243835
-0.467018 0.570057 0.675965
-0.368169 0.0619433 -0.0869809
0.703375 0 0
0.937279 -0.134345 0.32165
0.2652 0.873675 -0.407873
-0.226222 0.467592 0.854506
-0.21399 0.135528 -0.153201
0.703375 0 0
0.699158 -0.270266 0.661918
0.55641 0.787061 -0.266351
-0.448984 0.554519 0.700658
-0.35109 0.0751878 -0.0986168
0.703375 0 0
0.748819 -0.25067 0.613542
0.512247 0.806304 -0.295765
-0.420562 0.53576 0.732181
-0.328067 0.0928908 -0.114827
0.703375 0 0
0.912977 -0.155796 0.377096
0.311205 0.863608 -0.396653
-0.263866 0.479489 0.836938
-0.23931 0.152404 -0.166268
0.703375 0 0
0.958237 -0.114682 0.261975
0.190449 0.939286 -0.285433
-0.213335 0.323405 0.921899
-0.177642 0.0622339 -0.114765
0.703375 0 0
0.940333 -0.13147 0.313832
0.258081 0.876656 -0.406041
-0.22174 0.462807 0.858278
-0.20922 0.122387 -0.144675
0.703375 0 0
0.953232 -0.118194 0.278172
0.212992 0.91569 -0.340802
-0.214439 0.384112 0.898039
-0.195046 0.0973014 -0.137826
0.703375 0 0
0.909984 -0.16724 0.379419
0.237085 0.960574 -0.145215
-0.340175 0.222099 0.913758
-0.130797 -0.00665394 -0.032415
0.703375 0 0
0.869616 -0.19702 0.452715
0.324664 0.918995 -0.223701
-0.371969 0.341514 0.863138
-0.16922 -0.00547162 -0.0473405
0.703375 0 0
0.958331 -0.113759 0.262031
0.190209 0.938483 -0.28822
-0.213124 0.326051 0.921015
-0.18355 0.0722749 -0.129379
0.703375 0 0
0.994656 -0.054092 0.0879355
0.0647229 0.990303 -0.122926
-0.0804335 0.127961 0.988512
0.0220997 0.0063408 -0.00449756
0.703375 0 0
0.948724 -0.12717 0.289398
0.210519 0.937129 -0.278335
-0.235807 0.324986 0.915849
-0.176386 0.0439916 -0.0921649
0.703375 0 0
0.977822 -0.0926949 0.187808
0.115449 0.986742 -0.114066
-0.174745 0.133218 0.97556
-0.0261981 0.014132 -0.0194181
0.703375 0 0
0.89557 -0.178737 0.40744
0.261944 0.952042 -0.158118
-0.359639 0.248332 0.899439
-0.139296 -0.0117584 -0.0321181
0.703375 0 0
0.924025 -0.155865 0.349118
0.214573 0.967176 -0.13612
-0.316442 0.200689 0.92714
-0.115442 -0.00162681 -0.0342122
0.703375 0 0
0.971612 -0.102188 0.213374
0.128071 0.985511 -0.111202
-0.198919 0.135372 0.970621
-0.0489129 0.0186535 -0.031736
0.703375 0 0
0.997099 -0.0450954 0.0613178
0.0525201 0.990711 -0.125433
-0.0550918 0.128289 0.990205
0.0520162 0.00306906 -0.0041769
0.703375 0 0
0.996248 -0.0473141 0.0724664
0.0574042 0.987886 -0.144175
-0.0647671 0.147794 0.986895
-0.000106242 0.00705111 0.0111361
0.703375 0 0
0.990881 -0.0621009 0.119577
0.0873322 0.971812 -0.218984
-0.102607 0.22743 0.968373
0.0444262 0.0157101 0.018374
0.703375 0 0
0.906646 0.157035 -0.391577
-0.282485 0.91534 -0.286976
0.31336 0.370801 0.87425
0.199175 0.0110395 0.0336482
0.703375 0 0
0.998887 0.00907246 -0.0462792
-0.0245494 0.937911 -0.346007
0.0402666 0.346758 0.93709
0.0792838 0.0390136 0.0146404
0.703375 0 0
0.999895 -0.00498466 -0.0135981
-3.3017e-05 0.938119 -0.346314
0.0144829 0.346278 0.93802
0.0694967 0.0396714 0.0159241
0.703375 0 0
0.992663 0.0381394 -0.114744
-0.075524 0.936647 -0.342036
0.0944299 0.348193 0.932655
0.119162 0.0441511 0.00859807
0.703375 0 0
0.991421 -0.0605576 0.115834
0.0963424 0.937461 -0.334491
-0.088334 0.342781 0.935253
0.0575543 0.0320158 0.0216299
0.703375 0 0
0.990151 -0.0636296 0.124705
0.0939245 0.962456 -0.254671
-0.103819 0.263876 0.958953
0.0456123 0.00688511 0.0183555
0.703375 0 0
0.996137 -0.0480749 0.0734798
0.0580714 0.988361 -0.140606
-0.065865 0.14433 0.987335
0.00979485 0.00463709 0.0110527
0.703375 0 0
0.754678 0.249447 -0.606826
-0.449859 0.869993 -0.20184
0.477586 0.42531 0.76878
0.263238 -0.0112835 0.0440691
0.703375 0 0
0.514985 0.326002 -0.792788
-0.720286 0.66599 -0.194027
0.464736 0.670955 0.577789
0.346102 -0.0429349 0.0180758
0.703375 0 0
0.95748 -0.113788 0.265114
0.19584 0.931128 -0.307649
-0.211848 0.346488 0.91382
-0.18804 0.0865351 -0.137921
0.703375 0 0
0.939289 -0.137558 0.314347
0.22791 0.934955 -0.271875
-0.256502 0.327012 0.909544
-0.180275 0.0336717 -0.0802044
0.703375 0 0
0.775754 0.23981 -0.583692
-0.431886 0.876166 -0.214025
0.460086 0.418119 0.783261
0.254186 -0.00484435 0.0430873
0.703375 0 0
0.888557 0.171798 -0.425384
-0.308197 0.910375 -0.276103
0.339825 0.376435 0.861867
0.21079 0.0106305 0.0369437
0.703375 0 0
0.451173 0.339538 -0.825323
-0.748211 0.647992 -0.142435
0.48644 0.681778 0.546402
0.356852 -0.0470364 0.0680803
0.703375 0 0
0.996763 -0.0469527 0.0652589
0.0550333 0.99023 -0.128124
-0.0586056 0.1313 0.989609
0.0551697 0.00917239 -0.00315212
0.703375 0 0
0.348818 0.355904 -0.866983
-0.782547 0.619647 -0.0604761
0.5157 0.69955 0.494655
0.378853 -0.0761744 0.0992054
0.703375 0 0
0.997156 0.0199736 -0.0726681
-0.0439084 0.937652 -0.34479
0.0612507 0.347 0.935863
0.0968914 0.0419488 0.010599
0.703375 0 0
0.576478 0.31205 -0.755181
-0.585783 0.802167 -0.115701
0.569677 0.509071 0.645225
0.319435 0.00647233 0.04337
0.703375 0 0
0.959397 -0.118989 0.255733
0.150099 0.983002 -0.105726
-0.238806 0.139819 0.960949
-0.0689786 0.0117683 -0.0367316
0.703375 0 0
0.990763 -0.0626913 0.120246
0.0994714 0.938648 -0.330219
-0.0921664 0.33913 0.936214
0.0561742 0.0259269 0.0189039
0.703375 0 0
0.436265 0.341496 -0.832498
-0.753601 0.644215 -0.130659
0.491689 0.684373 0.538401
0.364687 -0.0481507 0.0829639
0.703375 0 0
0.870649 -0.196715 0.450858
0.309382 0.93156 -0.190996
-0.38243 0.305778 0.871922
-0.151486 -0.0177106 -0.0330374
0.703375 0 0
-0.233199 0.367138 -0.90046
-0.798959 0.455521 0.392639
0.554331 0.810993 0.187101
0.409056 -0.267019 0.229345
0.703375 0 0
-0.170364 0.376483 -0.910624
-0.811444 0.470698 0.346412
0.559048 0.797937 0.225305
0.384484 -0.238666 0.203024
0.703375 0 0
-0.794733 0.228478 -0.562314
-0.491936 0.300196 0.81724
0.355526 0.92611 -0.126179
0.263378 -0.468599 0.370225
0.703375 0 0
-0.971421 -0.078606 0.223969
0.198738 0.246576 0.948527
-0.129785 0.96593 -0.223907
-0.146156 -0.527082 0.418368
0.703375 0 0
-0.978993 -0.0661041 0.192879
0.171524 0.244436 0.954374
-0.110235 0.96741 -0.227963
-0.131381 -0.528529 0.418093
0.703375 0 0
-0.138663 0.378156 -0.915298
-0.816782 0.478979 0.321629
0.560035 0.792197 0.242455
0.384828 -0.224868 0.193176
0.703375 0 0
-0.930452 0.143182 -0.337281
-0.293357 0.260441 0.919843
0.219547 0.954814 -0.200324
0.129912 -0.506235 0.3968
0.703375 0 0
-0.458555 0.332901 -0.823957
-0.726899 0.392868 0.563269
0.511219 0.857223 0.0618336
0.394522 -0.333272 0.277337
0.703375 0 0
-0.572004 0.308757 -0.759921
-0.668763 0.360883 0.650015
0.47494 0.880018 5.8949e-05
0.356436 -0.38044 0.313201
0.703375 0 0
-0.954163 0.119608 -0.274347
-0.237744 0.253906 0.937555
0.181798 0.959805 -0.213832
0.0978643 -0.515909 0.404902
0.703375 0 0
-0.988379 0.062926 -0.138374
-0.119109 0.244991 0.962181
0.0944466 0.967481 -0.234649
0.0482023 -0.537536 0.420987
0.703375 0 0
-0.914649 0.156443 -0.37275
-0.32461 0.265312 0.907876
0.240926 0.951386 -0.191885
0.152024 -0.501845 0.392268
0.703375 0 0
-0.835956 -0.198989 0.51145
0.449491 0.286418 0.846122
-0.314857 0.937213 -0.149989
-0.270752 -0.506049 0.399608
0.703375 0 0
-0.759558 -0.236739 0.605827
0.53256 0.308392 0.78821
-0.373432 0.92133 -0.108164
-0.32554 -0.479618 0.377609
0.703375 0 0
0.0370258 0.381498 -0.923628
-0.827933 0.529286 0.185428
0.559604 0.757836 0.335452
0.388118 -0.155095 0.141254
0.703375 0 0
-0.100154 0.379752 -0.919651
-0.821349 0.490122 0.291834
0.561565 0.784582 0.262821
0.386997 -0.207729 0.182669
0.703375 0 0
-0.704295 -0.262784 0.659479
0.579335 0.32414 0.747866
-0.410291 0.908778 -0.07605
-0.330513 -0.470011 0.365422
0.703375 0 0
-0.287871 0.36022 -0.88734
-0.784847 0.442203 0.434134
0.548768 0.8214 0.15542
0.411952 -0.286454 0.245555
0.703375 0 0
-0.987219 -0.0497333 0.151409
0.135113 0.242641 0.960661
-0.084515 0.96884 -0.232821
-0.111266 -0.532054 0.419882
0.703375 0 0
-0.690731 -0.269418 0.671047
0.588922 0.32889 0.738243
-0.419597 0.905122 -0.0685081
-0.325055 -0.481908 0.359893
0.703375 0 0
-0.925119 -0.134652 0.355
0.312359 0.261616 0.91323
-0.215842 0.955733 -0.199966
-0.189737 -0.536628 0.41929
0.703375 0 0
-0.698026 -0.269281 0.663511
0.580803 0.329071 0.744567
-0.41884 0.905097 -0.0733005
-0.306065 -0.502183 0.352672
0.703375 0 0
-0.514323 0.321286 -0.79514
-0.700782 0.377 0.605621
0.494345 0.868704 0.0312515
0.380759 -0.356123 0.294874
0.703375 0 0
-0.667715 -0.284078 0.688082
0.602863 0.335894 0.723693
-0.436708 0.89804 -0.0530218
-0.292043 -0.476075 0.355373
0.703375 0 0
-0.861102 -0.184205 0.473891
0.416338 0.279524 0.865176
-0.291834 0.942303 -0.164007
-0.247879 -0.516242 0.407081
0.703375 0 0
-0.998454 -0.0113904 0.0544121
0.0500826 0.240509 0.969354
-0.024128 0.97058 -0.239567
-0.0630176 -0.539056 0.423916
0.703375 0 0
-0.35415 0.351524 -0.866607
-0.765825 0.422836 0.48448
0.536739 0.835249 0.119458
0.404788 -0.302879 0.254947
0.703375 0 0
-0.693474 -0.275322 0.665802
0.58311 0.3283 0.743103
-0.423175 0.903558 -0.0671241
-0.280261 -0.493682 0.368019
0.703375 0 0
-0.611012 -0.301876 0.731803
0.641475 0.352884 0.681162
-0.463868 0.885632 -0.0219709
-0.323873 -0.451706 0.32832
0.703375 0 0
-0.231586 -0.372117 0.898831
0.789149 0.468433 0.397259
-0.568869 0.801311 0.185173
-0.403136 -0.276318 0.187895
0.703375 0 0
-0.11663 -0.380395 0.917441
0.806075 0.503392 0.311192
-0.580208 0.77582 0.247916
-0.417496 -0.224138 0.138179
0.703375 0 0
-0.639787 -0.293235 0.710413
0.622504 0.344389 0.702769
-0.450735 0.891857 -0.0377959
-0.308384 -0.464064 0.342029
0.703375 0 0
-0.691546 -0.268303 0.670655
0.58874 0.328573 0.738529
-0.418509 0.905568 -0.069263
-0.330034 -0.474612 0.363354
0.703375 0 0
-0.701892 -0.270236 0.65903
0.576305 0.328284 0.7484
-0.418593 0.905098 -0.0746816
-0.294581 -0.509245 0.349685
0.703375 0 0
0.235107 -0.372467 0.897771
0.789017 0.612532 0.0475
-0.567606 0.697189 0.437894
-0.43206 -0.0881593 0.0144313
0.703375 0 0
-0.024334 -0.383074 0.923397
0.811598 0.531745 0.241983
-0.583709 0.755316 0.297962
-0.42716 -0.183453 0.0969517
0.703375 0 0
-0.27286 -0.366813 0.889379
0.78094 0.455448 0.427434
-0.561855 0.811181 0.162186
-0.405935 -0.291334 0.194851
0.703375 0 0
-0.161311 -0.377918 0.911678
0.800698 0.489921 0.344761
-0.576941 0.785593 0.223568
-0.410214 -0.243458 0.160471
0.703375 0 0
0.188289 -0.376431 0.907109
0.797143 0.598096 0.0827335
-0.573682 0.707517 0.412684
-0.434569 -0.105606 0.0279361
0.703375 0 0
0.0167905 -0.383261 0.923487
0.811785 0.544431 0.211188
-0.583716 0.746127 0.320267
-0.429376 -0.165714 0.0832063
0.703375 0 0
-0.409308 -0.345354 0.84451
0.739906 0.415944 0.528705
-0.533859 0.841262 0.0852801
-0.401611 -0.361489 0.228567
0.703375 0 0
-0.295994 -0.363232 0.883431
0.774867 0.449505 0.444439
-0.558541 0.816093 0.148406
-0.409341 -0.302583 0.195718
0.703375 0 0
0.478516 -0.337145 0.810775
0.697195 0.707202 -0.117406
-0.533799 0.621449 0.573463
-0.38486 0.0144262 -0.0528938
0.703375 0 0
0.68938 -0.277201 0.669265
0.555488 0.795292 -0.242783
-0.464961 0.539138 0.70224
-0.329475 0.0703005 -0.107103
0.703375 0 0
0.317069 -0.364137 0.875712
0.770179 0.637681 -0.0136998
-0.553436 0.678799 0.482639
-0.420005 -0.0538169 -0.0112319
0.703375 0 0
0.617003 -0.301174 0.72705
0.608666 0.768247 -0.198298
-0.498832 0.564881 0.657325
-0.354058 0.0481906 -0.0854728
0.703375 0 0
0.742659 -0.25552 0.619005
0.508417 0.816746 -0.272834
-0.435855 0.517335 0.736474
-0.308426 0.0820217 -0.120396
0.703375 0 0
0.837792 -0.207713 0.504935
0.395474 0.868476 -0.298913
-0.376436 0.450116 0.809748
-0.256564 0.0963808 -0.145417
0.703375 0 0
-0.902548 -0.155851 0.401396
0.352522 0.267847 0.896653
-0.247257 0.950772 -0.186804
-0.203726 -0.533512 0.417562
0.703375 0 0
-0.883756 -0.169323 0.436239
0.383199 0.27319 0.882341
-0.268577 0.946941 -0.176549
-0.224794 -0.526553 0.412897
0.703375 0 0
-0.760712 0.243452 -0.601705
-0.526887 0.309793 0.791466
0.379088 0.919108 -0.107392
0.289422 -0.459292 0.363967
0.703375 0 0
-0.981521 0.0772225 -0.175081
-0.151333 0.246707 0.957201
0.117111 0.966009 -0.230461
0.0653406 -0.53359 0.415881
0.703375 0 0
-0.213233 -0.373516 0.902784
0.792503 0.474274 0.38341
-0.571376 0.797214 0.194882
-0.404502 -0.268163 0.181034
0.703375 0 0
0.531984 -0.324449 0.78213
0.66585 0.730915 -0.14969
-0.523104 0.600413 0.604869
-0.369265 0.0304568 -0.0674248
0.703375 0 0
0.901668 -0.162706 0.400652
0.278985 0.92678 -0.251488
-0.330397 0.338535 0.88104
-0.226681 0.0689686 -0.127876
0.703375 0 0
0.278496 -0.36839 0.886977
0.779864 0.625768 0.0150373
-0.560582 0.687534 0.461568
-0.427096 -0.0702793 0.00201955
0.703375 0 0
0.393043 -0.351876 0.84953
0.742009 0.667032 -0.0670122
-0.543084 0.656697 0.523268
-0.404034 -0.0212866 -0.0249553
0.703375 0 0
-0.999959 0.00803318 0.00418745
0.00599782 0.240661 0.970591
0.00678917 0.970576 -0.240699
-0.0351044 -0.541785 0.425597
0.703375 0 0
-0.598365 0.302355 -0.741984
-0.652587 0.353371 0.670268
0.464855 0.885274 -0.0141321
0.34724 -0.392945 0.32253
0.703375 0 0
0.762516 -0.24688 0.598013
0.488145 0.826168 -0.281355
-0.424598 0.506454 0.75048
-0.298533 0.0843958 -0.125351
0.703375 0 0
-0.963399 0.107116 -0.245742
-0.2129 0.251328 0.944197
0.1629 0.961957 -0.219324
0.0913665 -0.520065 0.409142
0.703375 0 0
-0.67491 0.275496 -0.684543
-0.599975 0.335172 0.726423
0.429566 0.900978 -0.0609206
0.34766 -0.437371 0.349361
0.703375 0 0
0.901719 -0.162891 0.400462
0.277746 0.928123 -0.247879
-0.331301 0.334744 0.882149
-0.223461 0.0654434 -0.124213
0.703375 0 0
0.0629039 0.380895 -0.922476
-0.827541 0.536573 0.165123
0.557871 0.753 0.348958
0.388502 -0.145543 0.133977
0.703375 0 0
-0.698186 0.267183 -0.664191
-0.582195 0.328019 0.743944
0.416636 0.9061 -0.0734659
0.335295 -0.442196 0.353769
0.703375 0 0
-0.865557 0.190584 -0.46313
-0.404232 0.280054 0.870727
0.295648 0.940876 -0.165362
0.20373 -0.488592 0.384183
0.703375 0 0
0.901634 -0.162416 0.400845
0.280838 0.924699 -0.257025
-0.328916 0.344315 0.879353
-0.229746 0.0728391 -0.132814
-0.0732829 -0.243369 1.26152
0 0 0
6 0 1831 0 1 571 0 3 560 0 6 2078 0 9 375 0 10 1847 0
-0.38467 -0.111984 0.886305
0 0 0
4 0 807 0 1 580 0 3 933 0 6 804 0
-0.39383 -0.104289 0.897947
0 0 0
9 0 808 0 1 581 0 2 871 0 3 934 0 5 561 0 6 805 0 7 2315 0 10 1073 0 13 1012 0
0.551964 -0.0196768 1.24889
0 0 0
7 0 3233 0 1 625 0 3 59 0 6 360 0 7 575 0 9 3223 0 13 362 0
0.575493 -0.186074 1.08447
0 0 0
4 0 983 0 1 649 0 3 1045 0 6 1012 0
-0.345368 -0.154553 1.08784
0 0 0
3 0 738 0 1 699 0 3 697 0
-0.203027 0.008337 0.937369
0 0 0
5 0 770 0 1 706 0 3 348 0 6 671 0 9 584 0
-0.196768 -0.239128 1.24585
0 0 0
4 0 1240 0 1 738 0 3 967 0 6 2617 0
-0.222297 0.0549555 0.900099
0 0 0
4 1 766 0 3 760 0 6 2297 0 19 1816 0
0.521166 0.0639419 0.99717
0 0 0
4 0 751 0 1 773 0 3 638 0 6 788 0
-0.395653 -0.0643632 0.633585
0 0 0
4 0 529 0 1 819 0 3 789 0 6 858 0
-0.274409 0.0318902 0.891242
0 0 0
5 0 1271 0 1 865 0 3 1274 0 9 1024 0 10 1070 0
-0.302914 -0.258808 1.11703
0 0 0
4 0 1110 0 1 875 0 3 1028 0 6 1095 0
-0.25465 0.0255549 0.914786
0 0 0
6 0 928 0 1 881 0 3 1126 0 6 1129 0 9 1201 0 10 1234 0
-0.271378 -0.170419 1.06504
0 0 0
5 0 991 0 1 920 0 3 838 0 6 832 0 9 989 0
0.385856 -0.270594 1.26938
0 0 0
5 0 963 0 1 929 0 3 1193 0 6 1064 0 7 1268 0
-0.548793 -0.250937 0.82979
0 0 0
4 0 1692 0 1 970 0 3 1690 0 6 22 0
-0.411457 -0.0648136 0.8821
0 0 0
10 0 887 0 1 995 0 2 177 0 3 921 0 5 891 0 6 411 0 7 755 0 8 284 0 13 481 0 19 446 0
-0.321195 -0.184497 1.06663
0 0 0
4 0 1198 0 1 1003 0 3 1137 0 6 952 0
-0.340239 -0.230125 1.05293
0 0 0
4 0 876 0 1 1036 0 3 1146 0 10 573 0
0.295455 -0.258953 1.262
0 0 0
4 0 1184 0 1 1049 0 3 1171 0 6 2673 0
-0.50337 -0.253798 0.845453
0 0 0
4 0 698 0 1 1057 0 3 1067 0 6 1234 0
-0.308077 -0.111208 0.903049
0 0 0
4 0 1158 0 1 1075 0 3 1213 0 6 900 0
0.488463 -0.00452585 1.18615
0 0 0
4 0 52 0 1 1093 0 3 60 0 6 361 0
-0.012195 -0.323159 1.3997
0 0 0
4 0 1299 0 1 1234 0 3 1254 0 6 1348 0
0.0250125 -0.347303 1.42881
0 0 0
5 0 1305 0 3 1364 0 6 1179 0 7 884 0 13 1341 0
0.28806 -0.0669288 1.27997
0 0 0
6 0 989 0 1 1307 0 3 1235 0 6 2205 0 7 2196 0 13 1099 0
0.314218 -0.22837 1.12761
0 0 0
7 0 1444 0 1 1343 0 3 1483 0 6 2917 0 7 1400 0 9 2455 0 10 2415 0
0.312826 -0.241822 1.12995
0 0 0
6 0 1354 0 1 1369 0 3 1365 0 6 1065 0 7 2476 0 13 2939 0
0.32454 -0.267822 1.14494
0 0 0
6 0 2469 0 1 1371 0 3 1196 0 6 2398 0 7 2475 0 13 2654 0
0.271959 -0.309991 1.16519
0 0 0
4 0 1406 0 1 1477 0 3 1337 0 6 1493 0
-0.331186 0.175177 0.807706
0 0 0
8 0 939 0 1 1570 0 3 465 0 6 1248 0 7 874 0 9 1107 0 13 1436 0 17 2525 0
-0.16506 -0.323238 1.32901
0 0 0
6 0 654 0 1 1696 0 3 419 0 6 168 0 9 369 0 10 702 0
-0.36219 -0.408621 1.20105
0 0 0
4 0 1709 0 1 1701 0 3 52 0 6 3115 0
-0.439313 0.121926 0.682092
0 0 0
3 0 1730 0 1 1719 0 3 1730 0
0.318897 0.0202035 0.91153
0 0 0
6 0 812 0 1 37 0 3 659 0 6 3229 0 13 977 0 17 3460 0
0.0208724 -0.182545 1.01532
0 0 0
3 0 731 0 1 84 0 3 216 0
0.444733 0.165459 0.726347
0 0 0
5 0 2441 0 1 115 0 3 912 0 6 500 0 10 171 0
-0.131367 -0.167599 0.978393
0 0 0
5 0 856 0 1 192 0 3 635 0 6 677 0 19 2219 0
0.306282 -0.341066 1.08778
0 0 0
4 0 78 0 1 211 0 3 40 0 6 1736 0
-0.268438 -0.145159 1.0158
0 0 0
5 0 253 0 1 292 0 3 239 0 6 3098 0 13 3105 0
-0.373976 -0.252331 1.09943
0 0 0
4 0 355 0 3 315 0 6 229 0 17 3109 0
0.0360931 0.0747097 0.535948
0 0 0
24 0 893 0 1 331 0 2 4428 0 3 816 0 5 3218 0 6 1807 0 7 550 0 9 443 0 10 2410 0 13 305 0 14 1736 0 23 3214 0 25 6252 0 26 6287 0 125 6264 0 126 6290 0 127 5407 0 128 6287 0 130 5450 0 136 5436 0 139 5413 0 142 5429 0 145 5424 0 149 4408 0
0.528814 -0.0521668 1.05145
0 0 0
6 0 226 0 1 343 0 3 182 0 6 346 0 10 687 0 13 2143 0
-0.397909 -0.0720192 0.900002
0 0 0
11 0 844 0 1 350 0 2 3124 0 3 858 0 5 2177 0 6 1933 0 7 914 0 9 696 0 10 416 0 13 488 0 19 3128 0
-0.397992 -0.0305044 0.913708
0 0 0
9 0 152 0 1 401 0 3 306 0 6 319 0 7 622 0 9 415 0 10 347 0 13 133 0 145 1718 0
0.0186763 -0.330576 1.27178
0 0 0
4 0 799 0 1 409 0 3 826 0 6 467 0
0.0184819 -0.382416 1.25983
0 0 0
3 1 411 0 3 828 0 6 1895 0
-0.382197 0.0765264 0.748508
0 0 0
6 0 6 0 1 415 0 2 285 0 3 37 0 19 1899 0 47 136 0
-0.428046 -0.0775487 0.814575
0 0 0
4 0 974 0 1 452 0 3 956 0 6 4221 0
-0.199888 -0.28099 1.31504
0 0 0
4 0 653 0 1 457 0 3 418 0 6 167 0
-0.396063 -0.199357 1.08211
0 0 0
4 0 2149 0 1 464 0 3 607 0 6 747 0
0.490034 -0.0774596 1.08899
0 0 0
4 0 2601 0 1 465 0 3 1049 0 6 2551 0
-0.478332 -0.268503 0.906385
0 0 0
4 0 606 0 1 520 0 3 692 0 6 1026 0
0.549485 -0.0788448 0.994417
0 0 0
3 0 185 0 1 537 0 3 210 0
0.429356 0.145907 0.783766
0 0 0
3 0 1396 0 1 545 0 3 1143 0
-0.587086 -0.240432 0.840538
0 0 0
3 0 614 0 1 555 0 3 618 0
-0.574625 -0.232115 0.813221
0 0 0
4 0 615 0 1 556 0 3 619 0 6 2446 0
0.310253 -0.300421 1.155
0 0 0
3 0 1386 0 1 560 0 3 1505 0
-0.0606657 -0.2981 1.64649
0 0 0
3 0 1828 0 1 568 0 3 557 0
0.10453 0.170202 0.82705
0 0 0
13 31 9008 0 32 8682 0 33 8807 0 35 9040 0 37 9032 0 39 8635 0 40 8723 0 41 8811 0 42 8563 0 43 8554 0 44 8601 0 46 8045 0 70 8221 0
0.130497 0.128311 0.934446
0 0 0
7 27 8280 0 40 8747 0 45 8648 0 46 8379 0 48 8608 0 70 8667 0 71 8571 0
0.097219 0.137903 0.910728
0 0 0
15 31 9425 0 32 9615 0 33 9625 0 34 9537 0 35 9764 0 36 9665 0 37 9658 0 38 9601 0 39 9647 0 40 9543 0 41 9402 0 42 9354 0 43 9448 0 45 9408 0 46 9349 0
0.224368 0.216443 0.675151
0 0 0
3 40 9662 0 46 9289 0 53 9472 0
0.202225 0.109306 0.896863
0 0 0
4 34 9694 0 40 9695 0 45 9614 0 46 9524 0
0.182403 0.144173 0.839481
0 0 0
5 34 10005 0 40 9799 0 44 9921 0 45 9837 0 46 9679 0
0.274593 0.135074 0.899555
0 0 0
3 34 4144 0 40 3917 0 53 1420 0
0.296003 0.148935 0.855651
0 0 0
4 34 5777 0 40 5019 0 47 3824 0 53 2911 0
0.122329 0.114019 0.964524
0 0 0
8 32 6412 0 34 5941 0 37 6518 0 39 6379 0 40 5889 0 41 6565 0 53 4953 0 71 4859 0
-0.219477 0.294309 0.510815
0 0 0
6 34 7315 0 40 7309 0 45 7316 0 46 6390 0 53 6584 0 71 6726 0
0.132072 0.213453 0.697286
0 0 0
6 32 7831 0 34 7518 0 40 7546 0 44 7525 0 53 6257 0 79 6315 0
0.169747 0.136713 0.895822
0 0 0
4 32 8075 0 40 8094 0 43 8412 0 53 7163 0
0.140005 0.115706 0.961627
0 0 0
4 40 7151 0 44 8071 0 47 7166 0 53 6445 0
0.117754 0.247179 0.591656
0 0 0
3 34 4407 0 40 3406 0 71 3185 0
0.323066 0.168395 0.801218
0 0 0
5 34 4140 0 40 3889 0 42 3897 0 45 4839 0 71 4115 0
0.106494 0.104514 0.997167
0 0 0
5 40 5010 0 43 5658 0 45 4699 0 47 5005 0 71 2717 0
0.209382 0.0235626 1.14499
0 0 0
8 27 4362 0 34 5383 0 40 5381 0 50 4369 0 51 4391 0 53 4370 0 71 4371 0 82 5353 0
0.307452 0.192967 0.727495
0 0 0
3 40 5676 0 45 5707 0 71 3968 0
0.145133 0.120819 0.940499
0 0 0
4 32 6541 0 34 6164 0 40 6152 0 71 5078 0
0.185724 0.128669 0.917607
0 0 0
3 40 8904 0 45 8978 0 71 8359 0
0.176272 0.215076 0.675817
0 0 0
3 40 9950 0 45 9911 0 56 9604 0
0.119387 0.121811 0.942092
0 0 0
9 32 8496 0 34 8468 0 35 8764 0 37 8501 0 40 8367 0 41 8771 0 43 8797 0 44 8678 0 50 7998 0
0.212366 0.0422834 1.15651
0 0 0
3 40 8008 0 48 7778 0 82 7462 0
0.350439 -0.00413481 1.20207
0 0 0
4 40 7773 0 42 7710 0 54 6927 0 57 6900 0
0.0294176 -0.0414369 0.540979
0 0 0
5 34 8835 0 40 8518 0 41 8238 0 45 8184 0 57 6163 0
0.029526 -0.0412553 0.537306
0 0 0
12 31 9113 0 33 8614 0 34 9106 0 35 8598 0 36 9111 0 37 9106 0 38 9113 0 39 9343 0 45 9343 0 49 7459 0 55 7451 0 57 6163 0
-0.0754928 0.031132 0.547942
0 0 0
7 32 7269 0 33 7265 0 34 6693 0 37 7908 0 40 6716 0 44 7268 0 45 6707 0
-0.075148 0.0308551 0.547285
0 0 0
6 33 7923 0 34 7251 0 40 6716 0 42 7281 0 44 7831 0 45 7253 0
0.0328966 0.0921905 0.531844
0 0 0
3 34 7387 0 40 7381 0 45 7398 0
0.133441 0.241246 0.6075
0 0 0
7 34 7525 0 40 7515 0 42 7525 0 46 6942 0 48 6960 0 51 6945 0 70 6956 0
0.0740837 0.00509455 0.518056
0 0 0
4 34 7846 0 40 7896 0 53 6865 0 70 7416 0
0.0976909 0.236121 0.650753
0 0 0
3 32 1801 0 43 1597 0 44 2957 0
0.00938801 0.0771432 0.546739
0 0 0
3 34 4306 0 35 5277 0 42 1702 0
-0.249237 0.1875 0.76872
0 0 0
4 34 3950 0 40 3891 0 42 4253 0 45 4575 0
0.189844 0.1086 0.947008
0 0 0
6 34 3004 0 40 407 0 42 2897 0 44 3491 0 45 2479 0 47 1013 0
0.0671261 0.0803595 0.522094
0 0 0
7 31 3831 0 32 3315 0 34 3220 0 40 3203 0 41 4412 0 42 5459 0 45 4452 0
0.253085 0.14194 0.863273
0 0 0
3 34 4817 0 42 4912 0 45 4852 0
-0.371113 0.222351 0.690446
0 0 0
4 34 5990 0 42 5980 0 45 5732 0 47 5166 0
0.0455488 0.102871 0.534162
0 0 0
3 34 9717 0 40 9718 0 45 9725 0
0.253464 0.218784 0.687925
0 0 0
3 34 3771 0 42 2934 0 45 4712 0
-0.0619657 0.112938 0.539499
0 0 0
3 34 2821 0 42 2390 0 45 2453 0
-0.016381 0.0906421 0.554748
0 0 0
4 42 6013 0 44 5203 0 70 4792 0 71 626 0
-0.342272 0.260314 0.599384
0 0 0
5 31 4544 0 34 6092 0 39 5190 0 42 6106 0 45 5487 0
0.124765 0.189448 0.737076
0 0 0
4 34 6272 0 40 6251 0 42 6277 0 47 6251 0
0.251157 0.191828 0.73481
0 0 0
4 34 3294 0 45 4150 0 47 3450 0 70 2450 0
0.304807 0.190244 0.756438
0 0 0
3 34 6370 0 42 7018 0 47 6311 0
0.279841 0.110602 0.93973
0 0 0
4 34 6390 0 40 6605 0 42 6552 0 47 6422 0
0.339321 0.00941003 1.21678
0 0 0
2 34 963 0 42 158 0
0.0744653 -0.0172089 0.523564
0 0 0
4 34 5365 0 45 5353 0 47 4356 0 70 2469 0
0.0100967 0.0602521 0.544339
0 0 0
12 27 6139 0 32 7433 0 34 6686 0 36 6790 0 38 6801 0 39 7377 0 41 6151 0 42 6684 0 44 6850 0 46 5216 0 50 6136 0 53 6004 0
0.238485 0.189698 0.747361
0 0 0
3 34 7035 0 45 6590 0 47 6326 0
-0.16104 0.293009 0.519114
0 0 0
4 34 6736 0 40 6730 0 42 6736 0 47 6724 0
-0.370554 0.116733 0.955703
0 0 0
4 34 6716 0 42 6714 0 45 6728 0 47 6364 0
0.238516 0.178805 0.777901
0 0 0
4 34 7037 0 40 7035 0 42 7028 0 45 7625 0
0.14405 0.0136152 1.22195
0 0 0
9 34 4382 0 40 3604 0 42 4408 0 46 2789 0 47 4379 0 51 2864 0 53 3772 0 70 4348 0 71 4372 0
-0.0969228 0.120211 0.546573
0 0 0
11 31 4708 0 32 4663 0 33 4674 0 34 5257 0 35 6012 0 37 4688 0 38 6002 0 39 5194 0 43 4229 0 45 6093 0 47 4839 0
0.132669 0.238113 0.608645
0 0 0
3 34 3194 0 47 444 0 48 94 0
0.301971 0.0896573 1.05426
0 0 0
3 34 7049 0 45 7995 0 47 7059 0
0.296332 0.215398 0.692763
0 0 0
3 34 6295 0 42 5839 0 47 6285 0
0.320287 0.142175 0.871885
0 0 0
3 34 7137 0 40 7602 0 42 7171 0
-0.377864 0.119716 0.966571
0 0 0
4 34 4265 0 40 3946 0 45 4273 0 47 3540 0
-0.304151 0.231551 0.670474
0 0 0
5 34 5519 0 40 5956 0 42 5966 0 47 4675 0 70 4981 0
0.156905 0.0922887 1.02051
0 0 0
4 34 7071 0 42 7087 0 45 7482 0 47 7110 0
0.296698 0.0113899 0.927759
0 0 0
3 34 7500 0 42 7501 0 47 7500 0
0.265688 0.127095 0.902519
0 0 0
3 34 7473 0 42 7056 0 45 7990 0
0.104863 0.235978 0.652286
0 0 0
4 34 7708 0 41 7773 0 42 7743 0 45 7725 0
0.0809002 -0.0215831 0.520819
0 0 0
8 31 8858 0 33 8219 0 34 7794 0 38 8858 0 41 8202 0 42 7802 0 43 8226 0 44 8195 0
-0.199903 0.20404 0.727562
0 0 0
3 34 2951 0 45 1859 0 47 2973 0
0.0862617 0.083991 0.547234
0 0 0
3 31 974 0 38 1459 0 39 1278 0
0.0616004 -0.0205362 0.516772
0 0 0
6 34 1743 0 37 1697 0 40 1738 0 41 11 0 44 1711 0 45 85 0
-0.100531 0.0424339 0.481812
0 0 0
11 31 7944 0 32 8197 0 33 8180 0 34 8123 0 35 8089 0 36 8104 0 37 7874 0 39 8462 0 41 7811 0 42 8234 0 43 8278 0
-0.384206 0.154436 0.696821
0 0 0
6 34 8126 0 38 8250 0 40 8198 0 42 7960 0 44 7668 0 45 8126 0
-0.180376 0.190103 0.757302
0 0 0
3 34 2937 0 45 3102 0 47 2915 0
0.296984 0.151742 0.855385
0 0 0
5 34 8434 0 42 8291 0 47 8066 0 48 8017 0 70 8076 0
-0.296806 0.220269 0.693933
0 0 0
3 34 1627 0 45 2228 0 47 1362 0
0.324637 0.131559 0.905718
0 0 0
4 34 4894 0 42 5052 0 47 4144 0 48 3414 0
-0.289597 0.254194 0.609699
0 0 0
3 34 3896 0 47 3639 0 51 3307 0
0.310053 0.0787122 1.00105
0 0 0
3 34 8572 0 42 8399 0 45 8643 0
0.316486 0.0356481 1.19043
0 0 0
4 34 7502 0 42 6349 0 45 7503 0 47 7486 0
0.159637 0.113099 0.992284
0 0 0
3 34 8777 0 42 8694 0 51 8346 0
-0.404899 0.135388 0.930396
0 0 0
3 34 5640 0 42 4884 0 47 5547 0
-0.408467 0.125162 0.923783
0 0 0
3 34 6350 0 45 6677 0 47 6432 0
-0.3745 0.12297 0.755902
0 0 0
6 34 9144 0 40 8859 0 42 8861 0 43 8858 0 45 9149 0 47 8870 0
0.0769589 0.115897 0.973687
0 0 0
10 33 8076 0 34 8090 0 35 8115 0 36 8441 0 38 8113 0 40 7165 0 41 8473 0 43 8422 0 45 8082 0 53 7404 0
-0.154555 0.296601 0.5186
0 0 0
3 34 3555 0 45 3696 0 47 2445 0
0.296882 0.194796 0.740514
0 0 0
3 34 7577 0 45 7585 0 47 7020 0
0.031094 0.0980059 0.537727
0 0 0
3 34 9542 0 42 9553 0 45 9184 0
-0.0939644 0.117579 0.542915
0 0 0
3 34 4281 0 45 5275 0 70 3150 0
-0.206188 0.286264 0.506232
0 0 0
3 34 9593 0 42 9737 0 45 9655 0
0.290013 0.11802 0.90233
0 0 0
3 34 5601 0 45 6915 0 47 5050 0
0.16464 0.219561 0.744895
0 0 0
3 34 9801 0 42 9790 0 47 9634 0
0.0614388 0.0874448 0.518079
0 0 0
3 34 9952 0 42 9938 0 45 9941 0
0.275421 0.169533 0.798583
0 0 0
5 34 7608 0 45 7612 0 46 6347 0 47 7029 0 70 7035 0
0.194023 0.170034 0.761985
0 0 0
5 34 9964 0 40 9781 0 42 9918 0 43 9965 0 44 9773 0
0.044972 0.125383 0.535838
0 0 0
5 31 441 0 33 1019 0 35 920 0 36 2549 0 37 739 0
-0.270897 0.258172 0.589486
0 0 0
5 34 8420 0 41 7998 0 45 8468 0 47 8353 0 51 8092 0
0.326521 0.140397 0.887963
0 0 0
5 34 8454 0 46 8073 0 47 8018 0 48 7842 0 53 8075 0
0.00179839 -0.0252573 0.538145
0 0 0
3 35 4338 0 38 1358 0 39 129 0
0.0122154 0.144279 0.465527
0 0 0
4 31 3313 0 36 1920 0 38 2088 0 39 2406 0
0.197497 0.195524 0.730706
0 0 0
4 34 7873 0 41 8361 0 48 7556 0 70 7554 0
0.252875 0.0901374 1.03019
0 0 0
9 27 9337 0 34 9522 0 42 9326 0 45 9532 0 47 9331 0 49 8912 0 55 8902 0 70 9325 0 82 9115 0
0.164219 0.145484 0.864515
0 0 0
3 34 9643 0 47 9604 0 70 9541 0
0.266046 0.0675128 1.0843
0 0 0
4 34 5904 0 40 5849 0 42 5875 0 51 5035 0
0.0272503 0.0608535 0.537058
0 0 0
7 31 1749 0 32 3138 0 33 3194 0 36 2095 0 37 82 0 41 1711 0 44 35 0
-0.365754 0.242553 0.637226
0 0 0
6 31 6696 0 34 6777 0 40 6769 0 41 5948 0 45 7340 0 70 5804 0
0.253739 0.207837 0.690194
0 0 0
4 34 7590 0 45 7602 0 53 7004 0 70 6441 0
0.0658824 0.0453194 0.518833
0 0 0
11 27 7857 0 32 8961 0 34 9088 0 35 9091 0 39 8908 0 49 8305 0 50 7809 0 51 8218 0 53 8334 0 55 7824 0 70 8573 0
0.173739 0.0815186 1.08402
0 0 0
3 34 9509 0 45 9519 0 70 9344 0
0.059678 -0.00445916 0.516642
0 0 0
14 31 3130 0 32 3133 0 33 1711 0 34 1730 0 35 4320 0 36 3126 0 37 1705 0 38 3137 0 39 4317 0 40 1727 0 41 1707 0 43 3125 0 44 1714 0 45 3146 0
0.26177 0.156361 0.842
0 0 0
3 34 5929 0 45 5747 0 51 4952 0
0.123349 0.228383 0.640047
0 0 0
3 34 9319 0 45 9479 0 51 8950 0
0.0723531 0.0714994 0.669158
0 0 0
2 34 9712 0 40 9611 0
0.205922 0.109465 0.97974
0 0 0
3 34 9842 0 45 9855 0 82 9544 0
0.0882261 0.032113 0.524102
0 0 0
3 34 2394 0 45 1833 0 48 1000 0
-0.152499 0.282146 0.511979
0 0 0
4 34 6060 0 40 6053 0 48 5868 0 70 5252 0
0.0539512 -0.0396428 0.542603
0 0 0
3 34 6896 0 45 6896 0 48 4351 0
0.15552 0.0862946 1.07534
0 0 0
4 34 8884 0 40 9091 0 45 9326 0 48 8884 0
0.0416123 0.138462 0.449781
0 0 0
3 34 1861 0 40 1934 0 51 1054 0
0.239634 0.20359 0.705357
0 0 0
3 34 4441 0 45 4163 0 51 2482 0
0.239635 0.203984 0.705892
0 0 0
4 34 5455 0 42 4950 0 45 5116 0 51 4444 0
0.214356 0.127361 0.927688
0 0 0
4 34 5756 0 45 5676 0 50 5058 0 51 5371 0
0.108809 0.0711805 1.00439
0 0 0
8 34 6193 0 40 5631 0 41 6877 0 42 6214 0 43 6884 0 45 6253 0 46 5001 0 51 5066 0
0.301775 0.140216 0.877336
0 0 0
3 34 7140 0 45 7610 0 51 6600 0
-0.362473 0.0654735 0.785929
0 0 0
4 34 7214 0 45 7215 0 51 6653 0 53 7216 0
0.179812 0.0694633 1.08202
0 0 0
4 34 8062 0 45 7880 0 47 7509 0 51 7409 0
0.110383 0.213587 0.708327
0 0 0
5 33 8647 0 34 8354 0 35 8649 0 45 8674 0 51 7661 0
0.210265 0.185052 0.756577
0 0 0
4 34 9265 0 44 9447 0 47 9257 0 51 9044 0
-0.400311 0.0536916 0.922679
0 0 0
3 34 1679 0 45 3115 0 46 3071 0
-0.386618 0.0628932 0.845195
0 0 0
3 34 3065 0 45 3072 0 46 1693 0
0.134534 0.149557 0.879049
0 0 0
12 32 7608 0 33 7918 0 34 7425 0 35 7605 0 36 7924 0 37 7976 0 38 7859 0 39 7971 0 41 8019 0 43 7957 0 53 6135 0 70 6555 0
0.210416 0.179397 0.776252
0 0 0
5 34 9817 0 43 9842 0 44 9844 0 45 9835 0 53 9442 0
0.295137 0.191861 0.733946
0 0 0
4 34 4683 0 42 5121 0 45 5022 0 71 2629 0
0.223046 0.0929036 1.02708
0 0 0
4 34 5925 0 47 5037 0 51 5125 0 71 3898 0
0.0978433 0.139056 0.910637
0 0 0
15 31 8461 0 32 8428 0 33 8452 0 34 8115 0 35 8485 0 37 8502 0 38 8395 0 39 8336 0 40 7171 0 41 8446 0 43 8477 0 44 8079 0 45 8400 0 46 7182 0 71 6582 0
0.2948 0.150238 0.850992
0 0 0
4 34 8899 0 40 8949 0 42 8748 0 71 8343 0
0.167942 0.135236 0.90041
0 0 0
6 27 7476 0 34 7967 0 37 8370 0 44 8473 0 49 6487 0 53 7062 0
-0.325822 0.241824 0.65139
0 0 0
4 27 3934 0 32 5181 0 34 4794 0 45 6105 0
-0.0835333 0.0346128 0.508951
0 0 0
11 27 6042 0 32 7288 0 33 7747 0 34 7191 0 35 7818 0 36 7655 0 37 7651 0 38 7720 0 39 7274 0 41 7678 0 45 7194 0
0.226375 0.11301 0.959411
0 0 0
5 34 8718 0 45 8586 0 47 8716 0 50 8349 0 51 8458 0
-0.0467924 0.106183 0.53971
0 0 0
5 33 9234 0 38 9027 0 40 9290 0 43 8684 0 45 9080 0
-0.0127608 0.0100713 0.547314
0 0 0
13 31 7805 0 34 7822 0 35 7855 0 40 7817 0 42 7272 0 45 7841 0 46 7276 0 47 7838 0 48 7276 0 50 6186 0 53 7274 0 57 5607 0 70 7265 0
-0.00452309 0.0427769 0.548283
0 0 0
16 31 1700 0 32 3130 0 33 3065 0 34 1698 0 35 1674 0 36 642 0 37 2522 0 38 1679 0 39 3062 0 40 1695 0 41 1704 0 43 1697 0 44 676 0 45 138 0 47 3080 0 48 49 0
0.0316829 -0.0427772 0.533624
0 0 0
10 31 6186 0 32 5341 0 33 4568 0 34 3303 0 38 7828 0 39 6872 0 40 1868 0 43 5352 0 44 5354 0 45 4370 0
0.0414724 0.0775452 0.532679
0 0 0
17 27 4316 0 34 6825 0 40 4314 0 41 5419 0 42 5340 0 43 5422 0 44 5441 0 45 5328 0 46 3151 0 47 5203 0 48 5211 0 50 4329 0 51 4332 0 56 7548 0 70 5313 0 71 32 0 82 3151 0
0.104157 0.22384 0.690008
0 0 0
7 33 5499 0 34 4403 0 36 4748 0 38 4537 0 40 4422 0 44 6241 0 45 5424 0
-0.0092658 -0.0393376 0.545961
0 0 0
8 33 6867 0 34 6706 0 35 6873 0 37 5561 0 39 6170 0 40 5216 0 44 6870 0 45 6040 0
0.019694 -0.0361297 0.533228
0 0 0
5 34 5225 0 41 6867 0 43 6172 0 44 6181 0 45 6042 0
0.0317651 0.123325 0.524795
0 0 0
4 33 2463 0 35 2439 0 37 2402 0 39 3258 0
0.157941 0.23085 0.648415
0 0 0
3 34 8595 0 40 8652 0 45 8640 0
0.106812 0.138205 0.917773
0 0 0
3 32 7602 0 40 7092 0 45 7088 0
0.223743 0.205973 0.694123
0 0 0
4 40 6293 0 45 5940 0 48 5465 0 70 5458 0
-0.243505 0.244633 0.620678
0 0 0
3 34 8055 0 45 7888 0 70 7319 0
-0.351506 0.040514 0.863176
0 0 0
3 34 4219 0 40 5976 0 45 4275 0
-0.285276 0.129083 0.852099
0 0 0
4 34 6049 0 40 6038 0 41 6355 0 45 5925 0
0.0238791 -0.0438451 0.536591
0 0 0
5 34 8519 0 41 8838 0 43 8838 0 44 8836 0 45 8137 0
0.0497276 -0.0422368 0.529832
0 0 0
5 31 8914 0 32 8290 0 34 7792 0 44 8178 0 45 8181 0
0.0554145 0.142551 0.921882
0 0 0
9 32 8803 0 35 8819 0 37 8802 0 40 8114 0 41 8744 0 42 8105 0 43 8802 0 45 8413 0 48 7889 0
0.302717 0.178043 0.778544
0 0 0
3 42 8439 0 45 8456 0 53 7635 0
0.0973612 0.203338 0.722818
0 0 0
3 34 6973 0 40 6963 0 45 6992 0
-0.17277 0.214214 0.735983
0 0 0
3 34 7901 0 40 7810 0 45 7955 0
-0.1481 0.307779 0.512641
0 0 0
3 34 3553 0 40 3670 0 45 3694 0
0.215772 0.160466 0.790381
0 0 0
3 40 4602 0 44 5587 0 45 5067 0
-0.00376812 0.0622658 0.5504
0 0 0
4 34 9633 0 45 9663 0 48 9644 0 70 9644 0
0.26227 0.140061 0.736772
0 0 0
3 34 9491 0 40 9401 0 45 9682 0
-0.271185 0.293817 0.533524
0 0 0
3 40 6738 0 45 6757 0 47 6740 0
0.135242 0.226295 0.681589
0 0 0
5 34 8690 0 40 8745 0 43 9070 0 44 9061 0 45 9019 0
-0.387862 0.129436 0.876412
0 0 0
5 34 9749 0 40 9583 0 42 9755 0 45 9753 0 47 9756 0
0.231211 0.140723 0.879048
0 0 0
7 27 9503 0 40 9843 0 42 9842 0 45 9767 0 46 9692 0 55 9507 0 70 9617 0
-0.0033504 -0.0120634 0.537809
0 0 0
12 33 9920 0 35 9920 0 36 9923 0 37 9960 0 38 9927 0 39 9960 0 40 9970 0 41 9956 0 43 9912 0 44 9948 0 45 9937 0 46 9743 0
0.0285969 0.104677 0.544946
0 0 0
4 37 9992 0 40 9982 0 44 9960 0 45 9949 0
0.130431 0.216619 0.712756
0 0 0
3 42 8727 0 44 9056 0 45 8673 0
0.278687 0.17833 0.764351
0 0 0
4 34 8972 0 40 9028 0 42 8968 0 45 8997 0
0.0251499 0.0216507 0.944282
0 0 0
5 33 5383 0 34 4345 0 42 3172 0 45 4354 0 47 1736 0
-0.102628 0.0543032 0.510786
0 0 0
10 31 4239 0 32 1687 0 33 3080 0 35 308 0 37 1889 0 38 356 0 39 1818 0 43 342 0 45 2518 0 47 5154 0
0.0979172 0.229873 0.656205
0 0 0
5 32 3528 0 33 3673 0 37 3423 0 43 3793 0 44 3810 0
0.0532513 0.108211 0.993452
0 0 0
11 31 8099 0 32 8777 0 33 8486 0 35 8457 0 36 8443 0 39 8280 0 40 7899 0 41 7912 0 43 7940 0 45 7972 0 47 8034 0
0.144112 0.104975 0.980503
0 0 0
7 42 8649 0 43 8717 0 44 8557 0 45 8649 0 47 8284 0 48 8386 0 53 8246 0
0.253427 0.0887325 1.02843
0 0 0
3 45 4677 0 47 4165 0 55 2098 0
0.142752 0.0175417 1.25812
0 0 0
3 45 5414 0 47 5384 0 48 4349 0
0.1631 0.204242 0.720563
0 0 0
5 32 6302 0 37 5512 0 43 6305 0 44 7018 0 45 6266 0
0.282068 -0.0114644 1.20014
0 0 0
4 40 7480 0 42 6913 0 45 7496 0 51 4629 0
-0.00116229 -0.0207437 0.541857
0 0 0
22 31 9762 0 33 9921 0 35 9921 0 36 9922 0 37 9961 0 38 9860 0 39 9843 0 45 9939 0 46 9742 0 48 9781 0 49 9540 0 51 9883 0 52 9546 0 54 9553 0 55 9540 0 56 9541 0 57 9543 0 58 9357 0 70 9876 0 71 9718 0 79 9555 0 82 9554 0
0.206816 0.0217111 1.12908
0 0 0
5 34 6227 0 40 6217 0 42 5416 0 45 6258 0 47 5385 0
0.0970598 0.136713 0.908087
0 0 0
8 34 9781 0 36 9764 0 38 9977 0 41 9926 0 43 9961 0 45 9981 0 47 9866 0 48 9763 0
0.203246 0.147174 0.861134
0 0 0
3 44 8472 0 45 8472 0 70 8092 0
0.125917 0.219759 0.685423
0 0 0
