drews 1.0
106 4928
0.965156 0 0
1 0 0
0 1 0
0 0 1
-0 -0 -0
0.965156 0 0
0.998047 -0.0237432 0.057773
0.0248253 0.999528 -0.018085
-0.0573164 0.0194839 0.998166
-0.0617748 0.054941 -0.379853
0.965156 0 0
0.998376 -0.0196894 0.0534646
0.0196932 0.999806 0.000454846
-0.0534632 0.000598781 0.99857
-0.061624 0.0530782 -0.411792
0.965156 0 0
0.999648 -0.00195782 0.026459
0.00300421 0.999212 -0.0395662
-0.0263607 0.0396317 0.998867
-0.0583454 0.0894073 -0.547318
0.965156 0 0
0.999928 0.00571257 0.0105979
-0.00520206 0.998854 -0.0475884
-0.0108576 0.0475298 0.998811
-0.0476898 0.0969041 -0.572318
0.965156 0 0
0.999941 0.0065479 0.00871616
-0.00609687 0.99869 -0.0508041
-0.0090374 0.050748 0.998671
-0.0463449 0.0987422 -0.581551
0.965156 0 0
0.99909 -0.0107879 0.0412663
0.0128879 0.998617 -0.0509648
-0.0406594 0.0514503 0.997847
-0.108124 0.153543 -0.903779
0.965156 0 0
0.999126 -0.00645591 0.0413032
0.00846495 0.99878 -0.0486528
-0.0409387 0.0489599 0.997961
-0.109934 0.157058 -0.941031
0.965156 0 0
0.999176 0.000693333 0.0405744
0.000877161 0.999251 -0.0386759
-0.0405709 0.0386796 0.998428
-0.109439 0.158871 -1.00797
0.965156 0 0
0.999025 -0.00625512 0.0437036
0.0079296 0.999237 -0.0382469
-0.043431 0.0385562 0.998312
-0.114274 0.161659 -1.02427
0.965156 0 0
0.99918 -0.00686488 0.0399117
0.00841197 0.999215 -0.0387249
-0.0396145 0.0390288 0.998453
-0.111283 0.164806 -1.05572
0.965156 0 0
0.999639 0.00797214 0.0256606
-0.0070356 0.999313 -0.0363826
-0.025933 0.0361889 0.999008
-0.0923159 0.16993 -1.0889
0.965156 0 0
0.99998 0.00489921 -0.00402927
-0.00503374 0.999406 -0.0340847
0.0038599 0.0341043 0.999411
-0.0607992 0.187703 -1.2336
0.965156 0 0
0.999862 -0.00396612 0.0161085
0.00463074 0.999131 -0.0414334
-0.0159302 0.0415023 0.999011
-0.0905431 0.204527 -1.2767
0.965156 0 0
0.999788 -0.00579942 0.0197411
0.00666719 0.999001 -0.0441799
-0.0194651 0.0443022 0.998829
-0.0966567 0.208953 -1.2882
0.965156 0 0
0.999926 0.00303869 0.0117983
-0.00255738 0.999172 -0.0405973
-0.0119119 0.0405641 0.999106
-0.0911161 0.223243 -1.39616
0.965156 0 0
0.999958 0.0020073 0.00897751
-0.00153773 0.998645 -0.0520095
-0.00906975 0.0519935 0.998606
-0.0882553 0.248923 -1.45758
0.965156 0 0
0.999921 0.0122466 0.00293547
-0.012081 0.998625 -0.0510068
-0.00355609 0.0509672 0.998694
-0.0766116 0.253163 -1.48829
0.965156 0 0
0.998936 -0.0392547 0.024223
0.0405678 0.997588 -0.0563334
-0.0219532 0.0572561 0.998118
-0.134796 0.314143 -1.83173
0.965156 0 0
0.999313 -0.0297234 0.0221483
0.0307663 0.998357 -0.0483371
-0.0206752 0.0489853 0.998585
-0.133207 0.328557 -1.98987
0.965156 0 0
0.999705 -0.0159372 0.0183121
0.0168103 0.998679 -0.0485596
-0.017514 0.0488531 0.998652
-0.121297 0.335704 -2.02237
0.965156 0 0
0.999596 -0.0194347 0.0207262
0.0203943 0.99868 -0.0471357
-0.0197828 0.0475394 0.998673
-0.129071 0.337488 -2.05487
0.965156 0 0
0.998984 -0.0352805 0.0280411
0.0365954 0.998184 -0.0478486
-0.026302 0.0488262 0.998461
-0.148307 0.347131 -2.11993
0.965156 0 0
0.999279 -0.0297193 0.0236413
0.0308555 0.99831 -0.049243
-0.0221379 0.0499369 0.998507
-0.135856 0.355202 -2.13776
0.965156 0 0
0.999528 -0.0241261 0.0190369
0.0250645 0.998399 -0.0506997
-0.0177832 0.0511529 0.998532
-0.122834 0.361439 -2.15366
0.965156 0 0
0.999447 -0.0255775 0.0212563
0.0266824 0.998215 -0.0534364
-0.0198516 0.053974 0.998345
-0.127007 0.372225 -2.18797
0.965156 0 0
0.999144 -0.0245984 0.0332626
0.0261477 0.998554 -0.0469742
-0.032059 0.0478037 0.998342
-0.151845 0.36605 -2.24098
0.965156 0 0
0.999462 -0.0164142 0.0283787
0.01772 0.998766 -0.0463921
-0.0275822 0.04687 0.99852
-0.136417 0.370551 -2.2631
0.965156 0 0
0.999728 -0.00939871 0.0213441
0.0103859 0.998859 -0.0466192
-0.0208815 0.0468281 0.998685
-0.116931 0.374653 -2.28166
0.965156 0 0
0.999767 -0.00958937 0.0193466
0.0104793 0.998866 -0.0464365
-0.0188794 0.0466284 0.998734
-0.112334 0.376527 -2.30665
0.965156 0 0
0.999455 -0.0327889 -0.00382279
0.03238 0.996289 -0.0797534
0.00642362 0.0795861 0.996807
-0.0553725 0.501425 -2.55054
0.965156 0 0
0.999164 -0.0387405 0.0130433
0.0396384 0.996197 -0.0775927
-0.00998775 0.0780449 0.9969
-0.101389 0.501665 -2.59201
0.965156 0 0
0.999662 -0.0247653 0.00786193
0.0252963 0.996729 -0.0767544
-0.00593537 0.0769273 0.997019
-0.081468 0.509361 -2.63014
0.965156 0 0
0.99945 -0.0286872 0.0166374
0.0299014 0.996503 -0.0780221
-0.014341 0.0784767 0.996813
-0.113304 0.533234 -2.74176
0.965156 0 0
0.999723 -0.0222407 0.00767998
0.0227632 0.996814 -0.0764384
-0.00595547 0.076592 0.997045
-0.0858379 0.535433 -2.76389
0.965156 0 0
0.999831 -0.0183256 0.0010602
0.0183543 0.997218 -0.0722419
0.000266619 0.0722492 0.997387
-0.0660408 0.526867 -2.78473
0.965156 0 0
0.999613 -0.0175823 0.0215519
0.0187167 0.998386 -0.053617
-0.0205744 0.0539996 0.998329
-0.148065 0.510591 -3.00939
0.965156 0 0
0.999788 -0.0122739 0.0165546
0.0130413 0.998806 -0.0470722
-0.0159571 0.0472781 0.998754
-0.127484 0.497174 -3.03205
0.965156 0 0
0.999916 -0.00636774 0.0112772
0.00682121 0.999151 -0.0406406
-0.0110088 0.0407141 0.99911
-0.106567 0.481697 -3.05802
0.965156 0 0
0.999403 -0.0205827 0.0277322
0.0215043 0.999212 -0.0333552
-0.0270239 0.0339317 0.999059
-0.165251 0.467567 -3.12182
0.965156 0 0
0.999366 -0.0223048 0.0277605
0.0232669 0.999122 -0.0348329
-0.0269592 0.0354567 0.999008
-0.167049 0.47347 -3.14363
0.965156 0 0
0.999726 -0.0142347 0.0185924
0.0148702 0.999294 -0.0344995
-0.0180882 0.0347666 0.999232
-0.134118 0.481864 -3.18887
0.965156 0 0
0.998743 -0.0100332 0.0491167
0.0109567 0.999768 -0.0185685
-0.048919 0.0190833 0.99862
-0.236736 0.459435 -3.42322
0.965156 0 0
0.999518 -0.0249559 0.0184733
0.0250208 0.999682 -0.00328951
-0.0183853 0.00375015 0.999824
-0.112257 0.425124 -3.60411
0.965156 0 0
0.998831 -0.0294451 0.0383379
0.0294241 0.999566 0.00111141
-0.038354 1.79491e-05 0.999264
-0.184784 0.410075 -3.61084
0.965156 0 0
0.975826 0.00479929 -0.218494
-0.00332563 0.999969 0.00711186
0.218522 -0.00621331 0.975812
0.892074 0.39221 -3.50939
0.965156 0 0
0.998775 -0.0312146 -0.0383822
0.0306773 0.999424 -0.0145093
0.038813 0.0133141 0.999158
0.233166 0.469412 -3.57112
0.965156 0 0
0.999261 -0.0260667 -0.028231
0.025994 0.999658 -0.00294083
0.028298 0.00220482 0.999597
0.210693 0.416707 -3.48411
0.965156 0 0
0.999458 -0.0247525 -0.0217232
0.0249534 0.999648 0.00902787
0.0214921 -0.00956504 0.999723
0.187625 0.370999 -3.45052
0.965156 0 0
0.999623 -0.0230956 -0.014866
0.0233266 0.999607 0.0155576
0.0145008 -0.0158985 0.999768
0.161048 0.346416 -3.43533
0.965156 0 0
0.999296 -0.0279348 -0.0250305
0.0280492 0.999598 0.00423263
0.0249022 -0.00493174 0.999678
0.198243 0.379488 -3.33843
0.965156 0 0
0.999556 -0.023609 -0.0181721
0.0235173 0.99971 -0.00524325
0.0182906 0.00481356 0.999821
0.172501 0.407648 -3.31636
0.965156 0 0
0.999374 -0.032725 -0.0134141
0.0325544 0.999389 -0.0127443
0.013823 0.0122997 0.999829
0.165367 0.411345 -3.12915
0.965156 0 0
0.99982 -0.015606 0.0108025
0.0159266 0.999415 -0.0302648
-0.0103239 0.0304314 0.999484
0.0932314 0.441289 -2.9768
0.965156 0 0
0.999733 -0.0226066 0.00473133
0.0227389 0.999289 -0.0300784
-0.004048 0.0301779 0.999536
0.111708 0.438487 -2.95504
0.965156 0 0
0.999159 -0.0376419 0.0162409
0.0380963 0.998864 -0.0286408
-0.0151443 0.0292354 0.999458
0.0709526 0.432251 -2.9329
0.965156 0 0
0.999142 -0.0360966 0.020301
0.0367703 0.99875 -0.0338513
-0.0190538 0.0345688 0.999221
0.0629017 0.434209 -2.83867
0.965156 0 0
0.999678 -0.0252939 0.00209905
0.0253755 0.997745 -0.0621441
-0.000522445 0.0621773 0.998065
0.116519 0.494484 -2.73228
0.965156 0 0
0.999633 -0.026411 0.00609966
0.0266278 0.998895 -0.0387152
-0.00507041 0.0388634 0.999232
0.104278 0.418207 -2.65316
0.965156 0 0
0.998497 -0.0548013 -0.000481909
0.054744 0.997785 -0.0377809
0.00255128 0.0376977 0.999286
0.109629 0.40762 -2.57057
0.965156 0 0
0.998765 -0.0488601 -0.00906488
0.0483904 0.997754 -0.0463073
0.0113071 0.0458114 0.998886
0.137526 0.420739 -2.51408
0.965156 0 0
0.998935 -0.0445025 -0.0121496
0.0438667 0.997866 -0.0483565
0.0142757 0.047772 0.998756
0.150038 0.413773 -2.44211
0.965156 0 0
0.998629 -0.0519707 -0.00618296
0.0516599 0.997748 -0.0427861
0.00839266 0.0424081 0.999065
0.13134 0.398386 -2.42457
0.965156 0 0
0.999585 -0.0191311 0.0215152
0.0202184 0.998468 -0.0515095
-0.0204968 0.0519231 0.998441
0.074008 0.400582 -2.34244
0.965156 0 0
0.999323 -0.020733 0.0303855
0.0220399 0.998818 -0.0433258
-0.0294513 0.0439662 0.998599
0.0611499 0.355928 -2.1801
0.965156 0 0
0.999398 -0.0180158 0.0296368
0.0196608 0.998227 -0.0561831
-0.028572 0.056732 0.997981
0.0633216 0.376666 -2.14321
0.965156 0 0
0.999093 -0.0288844 -0.0313002
0.0275956 0.998784 -0.0408554
0.0324423 0.0399546 0.998675
0.195565 0.321067 -1.97065
0.965156 0 0
0.999612 -0.0276142 -0.00359116
0.0273856 0.998222 -0.0529494
0.00504693 0.0528305 0.998591
0.132191 0.335559 -1.92552
0.965156 0 0
0.999868 -0.015984 0.00284432
0.0161025 0.998709 -0.0481805
-0.00207053 0.0482199 0.998835
0.122567 0.319266 -1.89926
0.965156 0 0
0.999862 -0.0166132 -9.09868e-05
0.0165918 0.99882 -0.0456374
0.000849064 0.0456296 0.998958
0.130174 0.307484 -1.86664
0.965156 0 0
0.999528 -0.0236593 0.0196057
0.0243934 0.998976 -0.0380955
-0.0186843 0.0385558 0.999082
0.0852625 0.28557 -1.81322
0.965156 0 0
0.999909 -0.00711919 0.011482
0.00758075 0.999144 -0.0406688
-0.0111826 0.0407521 0.999107
0.106509 0.278859 -1.77053
0.965156 0 0
0.999898 -0.00530273 0.013249
0.00577579 0.999338 -0.0359258
-0.0130497 0.0359987 0.999267
0.10163 0.264327 -1.73543
0.965156 0 0
0.999832 -0.0176955 0.00479169
0.0176715 0.999831 0.00499747
-0.00487931 -0.00491196 0.999976
0.109567 0.177185 -1.59856
0.965156 0 0
0.999748 -0.0220429 0.00433051
0.0220218 0.999746 0.00485736
-0.00443648 -0.00476077 0.999979
0.106094 0.164672 -1.45934
0.965156 0 0
0.999634 -0.0216289 -0.0162524
0.0215627 0.999758 -0.00424184
0.0163402 0.00388984 0.999859
0.143688 0.171295 -1.39069
0.965156 0 0
0.999531 -0.0160416 -0.0260761
0.0163759 0.999786 0.0126554
0.0258675 -0.0130765 0.99958
0.155432 0.140158 -1.31852
0.965156 0 0
0.998457 -0.055455 -0.00289439
0.0554813 0.99841 0.00998749
0.00233593 -0.0101327 0.999946
0.124683 0.136246 -1.23774
0.965156 0 0
0.999343 -0.0353881 -0.00784981
0.035325 0.999344 -0.00803749
0.00812908 0.00775491 0.999937
0.147875 0.148906 -1.15859
0.965156 0 0
0.997351 -0.0430867 0.0586003
0.044122 0.99889 -0.0164894
-0.0578248 0.0190313 0.998145
0.0681977 0.134721 -0.991873
0.965156 0 0
0.997107 -0.0380551 0.0657921
0.0395282 0.998993 -0.0212347
-0.0649178 0.0237739 0.997607
0.066958 0.135497 -0.956822
0.965156 0 0
0.998787 -0.0483292 0.00937233
0.0481878 0.998729 0.014765
-0.010074 -0.0142954 0.999847
0.110755 0.0839659 -0.769785
0.965156 0 0
0.998925 -0.0395923 -0.0241097
0.0397113 0.999201 0.00447637
0.0239132 -0.00542898 0.999699
0.131721 0.0877675 -0.731515
0.965156 0 0
0.997719 -0.0312774 -0.0598259
0.0314248 0.999505 0.00152438
0.0597486 -0.00340092 0.998208
0.163646 0.0827082 -0.683142
0.965156 0 0
0.997712 -0.0403894 -0.0542201
0.0418803 0.998767 0.0266485
0.0530769 -0.0288583 0.998173
0.151646 0.0614794 -0.598131
0.965156 0 0
0.994916 -0.0501782 -0.0873128
0.0516306 0.998562 0.0144552
0.0864619 -0.0188898 0.996076
0.164275 0.0523819 -0.399731
0.965156 0 0
0.994749 -0.0394645 -0.0944271
0.0387225 0.999203 -0.009678
0.0947338 0.00597073 0.995485
0.171447 0.0546997 -0.376224
0.965156 0 0
0.993552 -0.0451811 -0.103987
0.0412676 0.998368 -0.0394843
0.105601 0.0349384 0.993795
0.173103 0.0633105 -0.353074
0.965156 0 0
0.994036 -0.0511423 -0.0963173
0.0459434 0.997404 -0.0554432
0.0989028 0.0506874 0.993805
0.162642 0.0645036 -0.329512
0.965156 0 0
0.999805 -0.0174276 0.0093301
0.0184026 0.992922 -0.117337
-0.00721916 0.117485 0.993048
0.141141 0.0463103 -0.195491
0.965156 0 0
0.999795 -0.0202165 0.000604607
0.0201365 0.99215 -0.123424
0.00189533 0.123411 0.992354
0.14759 0.0291642 -0.12122
0.965156 0 0
0.999448 -0.0273572 -0.0188586
0.0246543 0.991064 -0.131085
0.0222762 0.130548 0.991192
0.146929 0.026246 -0.101975
0.965156 0 0
0.999018 -0.0246898 -0.0367983
0.0201201 0.9926 -0.119753
0.0394826 0.118895 0.992121
0.142705 0.0189557 -0.0709082
0.965156 0 0
0.997544 -0.0463387 -0.0525252
0.0504855 0.995468 0.0805879
0.0485528 -0.0830418 0.995363
0.150549 0.0127412 0.0409824
0.965156 0 0
0.998772 -0.0495406 0.000818437
0.0492885 0.995104 0.0856703
-0.00505859 -0.0855248 0.996323
0.150281 0.0144653 0.0183137
0.965156 0 0
0.995621 -0.070208 0.0617174
0.0649281 0.994369 0.0837513
-0.0672498 -0.0793774 0.994574
0.146166 0.0170728 -0.0104013
0.965156 0 0
0.994285 -0.0726894 0.0781855
0.0662914 0.994464 0.0815291
-0.083679 -0.0758801 0.9936
0.143191 0.0183861 -0.0260966
0.965156 0 0
0.998885 -0.0469801 -0.0047265
0.0472168 0.994314 0.0954431
0.000215696 -0.0955599 0.995424
0.0924973 0.011984 -0.0312039
0.965156 0 0
0.991715 -0.0197079 -0.12694
0.0282395 0.997436 0.0657643
0.125319 -0.0688042 0.989728
0.0668451 0.0100299 -0.02005
0.965156 0 0
0.998766 -0.0234144 -0.0437955
0.0260535 0.997816 0.0606944
0.0422787 -0.0617606 0.997195
0.047951 0.00880638 -0.0243878
0.965156 0 0
0.997647 0.0190298 0.0658678
-0.0209771 0.999359 0.0289995
-0.0652738 -0.030313 0.997407
0.00647594 0.00051608 -0.0226093
0.965156 0 0
0.985229 0.00886234 -0.171014
-0.0249819 0.995414 -0.0923385
0.169411 0.0952468 0.980932
-0.0262997 -0.00678834 -0.00811867
0.965156 0 0
0.993469 0.0753628 0.0856755
-0.0781074 0.996519 0.0291425
-0.083181 -0.0356441 0.995897
-0.0226874 -0.00493493 0.0195856
0.965156 0 0
0.996506 0.0578735 0.0602182
-0.0584343 0.998262 0.00759263
-0.0596741 -0.0110849 0.998156
-0.0268655 -0.0057087 0.0176985
0.965156 0 0
0.997263 0.0148504 -0.0724352
-0.0166727 0.999558 -0.0246184
0.0720375 0.0257587 0.997069
-0.006425 -0.00603296 0.0138929
0.965156 0 0
0.998604 0.00968833 -0.0519311
-0.0116011 0.99926 -0.0366592
0.0515375 0.0372104 0.997978
-0.00503367 -0.00637012 0.0123762
0.0175899 0.121055 0.596367
0 0 0
6 104 235 0 0 277 0 105 222 0 103 310 0 102 306 0 91 616 0
0.154247 -0.0962596 0.689336
0 0 0
13 104 53 0 0 344 0 1 1327 0 105 142 0 100 791 0 103 190 0 102 19 0 98 150 0 93 133 0 99 93 0 97 289 0 92 376 0 2 1279 0
0.0274303 -0.541677 3.7885
0 0 0
78 104 472 0 94 429 0 0 355 0 10 1060 0 63 1373 0 73 832 0 17 1200 0 11 1078 0 9 1019 0 4 875 0 13 1234 0 79 1239 0 28 1557 0 16 1374 0 3 468 0 1 626 0 65 1341 0 64 1360 0 101 530 0 103 276 0 102 538 0 98 196 0 93 61 0 95 30 0 89 784 0 90 216 0 91 532 0 88 854 0 83 843 0 82 860 0 77 138 0 86 858 0 99 664 0 74 568 0 81 1077 0 97 161 0 70 1086 0 60 1394 0 78 567 0 58 1181 0 59 1178 0 56 1323 0 66 488 0 96 161 0 87 629 0 85 184 0 62 820 0 76 554 0 75 816 0 54 1497 0 68 1066 0 67 1237 0 72 1163 0 71 1092 0 80 1215 0 84 382 0 55 1596 0 25 1579 0 22 1725 0 27 1583 0 18 1691 0 69 1060 0 61 795 0 21 1729 0 19 1426 0 12 1048 0 15 1378 0 8 871 0 7 1083 0 29 1598 0 20 1717 0 6 849 0 14 1174 0 23 1767 0 24 1764 0 26 1586 0 2 356 0 5 857 0
0.136478 -0.0976942 0.845564
0 0 0
9 104 402 0 0 383 0 1 1231 0 101 194 0 105 11 0 102 91 0 98 450 0 97 699 0 2 1387 0
0.136648 -0.320978 2.1635
0 0 0
38 104 5 0 0 25 0 10 903 0 73 1632 0 9 1310 0 4 799 0 13 1219 0 79 686 0 1 444 0 101 359 0 105 380 0 100 517 0 102 524 0 98 552 0 95 587 0 89 1011 0 90 392 0 83 976 0 82 1105 0 77 1172 0 86 810 0 74 1516 0 97 685 0 78 1323 0 96 877 0 92 1133 0 87 1332 0 76 1018 0 75 1523 0 80 1111 0 84 697 0 12 1299 0 15 1607 0 8 1148 0 7 1114 0 6 990 0 2 765 0 5 751 0
0.137794 0.0914791 0.703651
0 0 0
8 0 507 0 102 351 0 93 95 0 95 143 0 90 329 0 91 631 0 97 633 0 96 70 0
0.136073 -0.0556536 0.857258
0 0 0
21 104 143 0 0 511 0 4 1571 0 3 1483 0 1 1367 0 101 200 0 105 269 0 100 263 0 102 31 0 98 686 0 93 437 0 95 999 0 89 516 0 90 367 0 91 692 0 86 727 0 97 479 0 96 971 0 85 899 0 2 1474 0 5 1676 0
0.0552436 0.126009 0.51751
0 0 0
4 104 398 0 0 527 0 103 413 0 102 291 0
0.135441 0.0280191 1.37925
0 0 0
22 104 54 0 0 570 0 4 1007 0 3 1057 0 1 1013 0 105 70 0 100 63 0 103 439 0 98 417 0 95 232 0 89 468 0 88 804 0 83 1402 0 82 1182 0 81 1448 0 97 25 0 87 1104 0 85 1138 0 84 670 0 6 1601 0 2 877 0 5 1110 0
-0.193596 -0.0484118 0.905384
0 0 0
17 104 702 0 0 580 0 1 1141 0 101 235 0 105 430 0 100 777 0 103 503 0 102 454 0 98 510 0 88 753 0 83 1854 0 86 986 0 97 37 0 87 683 0 85 1123 0 84 1682 0 2 1308 0
-0.000235751 0.109602 0.67001
0 0 0
3 0 634 0 101 605 0 98 376 0
-0.170598 -0.351599 3.25427
0 0 0
60 104 167 0 0 643 0 10 1280 0 63 1498 0 73 478 0 17 1484 0 11 1125 0 9 1131 0 4 814 0 13 1417 0 28 1893 0 16 1011 0 31 1883 0 30 1907 0 3 805 0 1 624 0 65 1095 0 64 1144 0 101 260 0 105 182 0 100 419 0 103 203 0 102 239 0 70 756 0 60 1706 0 58 1785 0 59 1774 0 57 1847 0 56 1840 0 66 929 0 53 1988 0 62 1711 0 54 1970 0 68 960 0 67 818 0 72 434 0 71 476 0 55 1944 0 25 1889 0 22 1862 0 27 1900 0 18 1732 0 69 772 0 61 1427 0 32 1948 0 21 1868 0 19 1792 0 12 1474 0 15 1576 0 8 1277 0 7 1355 0 29 1879 0 20 1837 0 6 1113 0 14 1519 0 23 1865 0 24 1860 0 26 1898 0 2 567 0 5 973 0
-0.183976 -0.122255 0.947393
0 0 0
22 104 162 0 0 648 0 1 944 0 105 192 0 100 606 0 103 213 0 102 152 0 98 503 0 93 206 0 90 164 0 91 213 0 83 1605 0 82 1655 0 86 1142 0 99 31 0 81 1744 0 97 503 0 96 269 0 87 1400 0 85 196 0 84 1192 0 2 1169 0
-0.181428 -0.236864 0.944116
0 0 0
8 104 160 0 0 656 0 103 511 0 102 475 0 98 532 0 93 217 0 95 627 0 97 513 0
-0.132275 -0.232158 0.885259
0 0 0
8 94 117 0 0 657 0 103 723 0 102 457 0 98 221 0 95 189 0 97 772 0 96 55 0
0.0207698 -0.239671 0.947842
0 0 0
9 104 189 0 94 144 0 0 682 0 103 288 0 102 267 0 98 500 0 95 163 0 97 259 0 96 48 0
0.108084 -0.269506 1.19064
0 0 0
7 104 291 0 0 684 0 105 283 0 103 350 0 102 260 0 97 258 0 2 996 0
0.135408 0.0773185 0.943769
0 0 0
21 104 3 0 94 614 0 0 107 0 1 1250 0 101 242 0 105 931 0 103 1000 0 102 610 0 98 315 0 93 305 0 95 765 0 89 964 0 90 916 0 91 545 0 88 1102 0 86 1589 0 97 0 0 96 617 0 92 737 0 87 1416 0 2 1398 0
-0.170682 -0.188038 2.21765
0 0 0
53 104 179 0 0 125 0 10 1005 0 73 1578 0 17 1595 0 11 949 0 9 979 0 4 908 0 13 1119 0 79 1065 0 16 1359 0 3 795 0 1 817 0 101 230 0 105 170 0 100 452 0 103 497 0 102 449 0 98 567 0 95 230 0 89 222 0 90 167 0 91 211 0 88 835 0 83 702 0 82 726 0 77 1500 0 86 652 0 74 1650 0 81 713 0 97 13 0 70 1713 0 78 1216 0 66 1902 0 96 152 0 87 796 0 85 620 0 76 1545 0 68 1853 0 67 1843 0 72 1671 0 71 1755 0 80 1013 0 84 765 0 69 1756 0 12 1104 0 15 1445 0 8 985 0 7 797 0 6 726 0 14 1428 0 2 799 0 5 1266 0
0.136651 -0.376285 2.16345
0 0 0
26 0 26 0 10 1225 0 11 1029 0 9 567 0 79 925 0 3 839 0 101 360 0 105 76 0 95 130 0 88 432 0 83 622 0 77 1184 0 86 309 0 81 821 0 97 142 0 78 975 0 87 537 0 85 965 0 76 1158 0 80 1045 0 84 574 0 8 1050 0 7 1251 0 6 992 0 2 1207 0 5 1104 0
-0.183564 -0.192848 0.899152
0 0 0
7 0 36 0 105 156 0 100 105 0 103 231 0 102 175 0 98 122 0 97 227 0
-0.128492 -0.33727 1.83648
0 0 0
18 0 48 0 4 1147 0 3 1007 0 1 485 0 105 176 0 100 583 0 103 20 0 102 464 0 98 200 0 95 468 0 83 532 0 82 1525 0 86 1043 0 81 822 0 85 814 0 84 1143 0 2 812 0 5 1022 0
0.022822 -0.345806 1.9067
0 0 0
19 0 58 0 4 809 0 79 1492 0 3 838 0 1 850 0 105 179 0 102 274 0 88 510 0 83 868 0 82 831 0 86 1351 0 81 1329 0 97 358 0 96 412 0 85 1306 0 80 1335 0 84 1000 0 2 148 0 5 812 0
0.0217123 -0.286074 1.36044
0 0 0
18 104 1093 0 94 624 0 0 60 0 1 1595 0 105 929 0 100 1385 0 102 746 0 98 822 0 93 1025 0 95 1014 0 86 1604 0 99 1361 0 97 1005 0 96 1210 0 87 434 0 85 1396 0 84 745 0 2 1181 0
0.129448 -0.0449278 0.902011
0 0 0
3 86 113 0 87 247 0 85 418 0
-0.179153 0.0842142 0.800452
0 0 0
3 89 176 0 88 928 0 87 679 0
0.136296 0.0525622 0.938641
0 0 0
3 89 350 0 86 345 0 85 326 0
0.134188 -0.0513905 0.872991
0 0 0
4 88 369 0 86 651 0 87 849 0 85 1051 0
0.136474 -0.059135 0.875485
0 0 0
8 89 360 0 90 60 0 91 175 0 88 370 0 86 489 0 92 67 0 87 593 0 85 1053 0
-0.1939 -0.0689049 0.901279
0 0 0
5 98 1275 0 88 1665 0 86 1542 0 97 1110 0 85 1623 0
0.213665 -0.0504154 1.1858
0 0 0
3 86 1028 0 87 423 0 85 582 0
-0.0616365 0.0698958 1.0151
0 0 0
4 88 312 0 86 318 0 87 286 0 85 614 0
0.136975 -0.240928 1.22129
0 0 0
2 88 706 0 85 1093 0
0.130357 -0.123317 0.91519
0 0 0
6 94 1358 0 98 1371 0 88 1653 0 86 1637 0 87 1641 0 85 1699 0
0.134465 -0.265447 1.1767
0 0 0
10 104 895 0 0 2132 0 103 1145 0 98 1097 0 93 1408 0 95 1264 0 86 1407 0 97 1295 0 96 1431 0 85 1497 0
0.183495 -0.0695218 1.11401
0 0 0
5 88 1504 0 86 1416 0 92 1273 0 87 1426 0 85 1582 0
0.136191 -0.232811 1.25658
0 0 0
7 94 1621 0 105 1750 0 93 1700 0 95 1698 0 86 1886 0 97 1688 0 85 1881 0
-0.176153 0.0117109 1.39137
0 0 0
6 93 757 0 95 592 0 83 1434 0 86 1168 0 85 1129 0 84 1450 0
0.121397 -0.336623 2.3976
0 0 0
8 88 1810 0 82 1841 0 86 1810 0 81 1897 0 96 1731 0 87 1820 0 85 1783 0 84 1885 0
0.134502 -0.265592 1.17391
0 0 0
8 98 732 0 93 734 0 95 642 0 86 1096 0 97 964 0 96 292 0 85 921 0 2 885 0
-0.189358 -0.380732 2.43648
0 0 0
8 79 1479 0 88 761 0 83 1368 0 86 529 0 81 1285 0 85 1202 0 80 1569 0 84 1225 0
0.135112 -0.094226 0.866572
0 0 0
3 86 716 0 85 666 0 5 649 0
0.131208 -0.0841868 1.24719
0 0 0
9 94 1474 0 90 1705 0 91 1698 0 88 1727 0 86 1760 0 99 1377 0 97 1590 0 92 1769 0 87 1752 0
-0.185263 0.0276395 0.383878
0 0 0
2 93 226 0 95 8 0
0.150541 -0.145912 1.25766
0 0 0
3 91 1708 0 86 1791 0 87 1793 0
-0.182489 -0.311102 1.60045
0 0 0
4 83 550 0 86 15 0 81 540 0 84 520 0
-0.19355 -0.0407332 0.905385
0 0 0
6 102 1394 0 98 1406 0 88 1527 0 86 1526 0 97 1109 0 2 1736 0
0.190545 -0.039358 1.09197
0 0 0
4 88 1347 0 86 1445 0 87 1424 0 85 1442 0
0.287783 -0.0448222 1.32695
0 0 0
2 86 1729 0 87 1637 0
0.135958 -0.0832935 0.854306
0 0 0
3 3 183 0 86 244 0 85 17 0
0.139863 -0.251453 1.35537
0 0 0
9 104 1383 0 0 2630 0 103 1356 0 88 1509 0 86 1606 0 99 1353 0 97 1289 0 96 1013 0 87 1502 0
0.139065 -0.155709 1.21349
0 0 0
9 94 1348 0 95 1338 0 90 1567 0 91 1511 0 88 1646 0 86 1670 0 96 1282 0 92 1339 0 87 1737 0
0.108535 -0.303519 2.25947
0 0 0
11 93 1877 0 95 1915 0 88 1891 0 83 1981 0 82 1971 0 86 1921 0 81 1961 0 96 1914 0 87 1886 0 85 1925 0 84 1934 0
-0.120043 0.287511 1.98595
0 0 0
20 104 1607 0 94 1691 0 0 3366 0 101 1437 0 105 1721 0 100 1625 0 103 1518 0 102 1470 0 98 1421 0 90 1412 0 91 1522 0 88 1432 0 86 1615 0 99 1427 0 97 1463 0 96 1652 0 92 1617 0 87 1690 0 85 1684 0 5 1815 0
0.135155 -0.123644 0.864411
0 0 0
5 88 261 0 86 152 0 87 262 0 85 528 0 5 501 0
0.135953 -0.0973159 0.839397
0 0 0
4 88 1071 0 86 913 0 87 800 0 5 1128 0
-0.0611414 -0.368506 2.21937
0 0 0
5 1 1029 0 88 1009 0 86 1076 0 96 429 0 2 651 0
0.135346 -0.0513192 0.87525
0 0 0
3 88 84 0 86 424 0 87 591 0
0.101157 0.067991 0.806086
0 0 0
5 94 296 0 88 686 0 86 333 0 96 52 0 87 945 0
0.100018 0.0702144 1.02962
0 0 0
4 90 231 0 88 421 0 87 728 0 85 917 0
0.132489 -0.228632 1.33752
0 0 0
12 94 1504 0 102 748 0 98 1180 0 93 1372 0 95 1500 0 88 1276 0 86 1318 0 97 1324 0 96 1358 0 87 1248 0 85 1284 0 84 1332 0
0.134614 0.0654221 0.939624
0 0 0
7 94 124 0 90 915 0 91 730 0 88 666 0 86 1042 0 87 908 0 85 1259 0
-0.181036 0.0586396 0.948175
0 0 0
8 89 425 0 90 731 0 91 477 0 88 991 0 86 989 0 92 457 0 87 934 0 85 1104 0
-0.182103 -0.332684 1.86695
0 0 0
5 88 913 0 96 490 0 87 1138 0 85 1204 0 84 1464 0
0.136267 -0.0781634 0.872791
0 0 0
9 95 392 0 89 514 0 90 397 0 91 466 0 88 883 0 86 942 0 92 156 0 87 1050 0 85 1245 0
0.134457 -0.0997633 0.864429
0 0 0
4 89 508 0 86 1251 0 87 1176 0 85 1362 0
0.135989 -0.0487876 0.858497
0 0 0
5 95 663 0 91 876 0 86 1337 0 87 1302 0 85 1336 0
-0.184715 -0.127326 0.793266
0 0 0
3 88 1524 0 87 1403 0 85 1617 0
0.134589 -0.0590355 0.909051
0 0 0
4 88 576 0 86 595 0 87 594 0 85 828 0
0.122374 -0.0205799 0.937855
0 0 0
3 88 1867 0 87 1749 0 85 1809 0
0.134995 -0.05855 0.87277
0 0 0
5 89 991 0 88 1357 0 86 1497 0 87 1453 0 85 1545 0
0.180165 -0.0113188 1.05616
0 0 0
3 86 1444 0 87 1478 0 85 1583 0
0.136707 -0.0787343 0.873038
0 0 0
10 93 692 0 95 964 0 89 1222 0 91 895 0 88 1573 0 86 1584 0 96 765 0 87 1499 0 85 1541 0 5 1636 0
-0.187858 -0.132644 0.820527
0 0 0
5 98 931 0 88 1408 0 97 950 0 87 1523 0 85 1688 0
0.13612 0.0635736 0.969388
0 0 0
18 94 1204 0 0 3065 0 100 1613 0 98 1136 0 93 1340 0 95 768 0 89 1372 0 90 1632 0 91 1257 0 88 1582 0 86 1657 0 99 1647 0 97 824 0 96 1191 0 92 1554 0 87 1581 0 85 1675 0 2 1597 0
-0.180533 0.0544267 0.946111
0 0 0
12 93 1446 0 95 1323 0 89 1708 0 90 1790 0 91 1543 0 88 1737 0 86 1789 0 97 1817 0 96 1759 0 92 1624 0 87 1751 0 85 1880 0
0.133997 -0.3331 1.75095
0 0 0
6 93 1022 0 83 1271 0 82 1609 0 81 1521 0 87 1381 0 84 1518 0
0.136217 -0.0648383 0.848869
0 0 0
4 3 535 0 88 882 0 86 885 0 87 518 0
-0.184139 -0.126487 0.788546
0 0 0
3 88 1264 0 87 1263 0 85 1521 0
0.132659 -0.113271 0.923374
0 0 0
4 90 1579 0 88 1651 0 86 1770 0 85 1762 0
-0.123847 0.0918285 1.98591
0 0 0
4 88 1045 0 86 1072 0 87 1029 0 85 1212 0
0.138419 0.0160036 0.966334
0 0 0
3 88 342 0 86 635 0 87 439 0
-0.191807 -0.040446 0.889631
0 0 0
4 88 1095 0 86 1095 0 97 35 0 85 1122 0
0.138061 0.0689457 0.804244
0 0 0
8 0 41 0 105 329 0 98 303 0 93 629 0 95 438 0 91 647 0 88 892 0 87 1121 0
0.135886 0.0748243 0.972619
0 0 0
4 95 218 0 88 1080 0 86 1501 0 85 945 0
0.135897 -0.0589462 0.874167
0 0 0
12 4 1185 0 3 944 0 95 90 0 89 811 0 90 667 0 91 434 0 88 1038 0 86 1258 0 92 553 0 87 1221 0 85 1211 0 5 1162 0
0.135452 -0.107906 1.45975
0 0 0
18 94 1344 0 0 1451 0 1 1388 0 100 997 0 98 1129 0 93 1322 0 95 1371 0 89 1612 0 90 1511 0 91 1561 0 88 1606 0 86 1694 0 97 1417 0 96 1419 0 92 1513 0 87 1605 0 85 1708 0 84 1750 0
0.135989 0.0812213 0.804744
0 0 0
16 0 2563 0 101 956 0 105 930 0 100 1245 0 103 1022 0 98 523 0 93 336 0 95 437 0 89 1237 0 90 920 0 91 995 0 88 1375 0 97 338 0 96 834 0 92 693 0 87 1361 0
-0.178475 0.0522491 0.920664
0 0 0
3 88 1607 0 86 1614 0 85 1667 0
0.134669 -0.0544588 0.849347
0 0 0
6 105 1210 0 102 987 0 89 1360 0 88 1476 0 86 1581 0 87 1569 0
0.133263 0.0739173 0.967062
0 0 0
4 88 447 0 86 389 0 87 467 0 85 332 0
0.140375 -0.112559 0.959388
0 0 0
5 90 1741 0 91 1707 0 88 1875 0 92 1683 0 85 1884 0
0.139263 -0.237036 1.23761
0 0 0
4 88 232 0 86 300 0 87 435 0 85 571 0
0.134576 -0.099048 0.86376
0 0 0
4 90 1478 0 88 1576 0 86 1648 0 87 1577 0
-0.182133 -0.122929 0.772941
0 0 0
3 88 698 0 87 652 0 85 1521 0
0.136193 -0.0533661 0.855759
0 0 0
7 89 1577 0 90 1570 0 91 1649 0 88 1828 0 96 1595 0 92 1577 0 87 1797 0
0.130238 -0.0543449 0.862869
0 0 0
8 4 1891 0 95 1535 0 89 1731 0 90 1660 0 91 1672 0 88 1829 0 96 1579 0 87 1800 0
0.128764 -0.0281939 1.82116
0 0 0
5 89 459 0 90 109 0 88 597 0 83 565 0 87 398 0
0.135081 0.0329512 1.20069
0 0 0
7 93 6 0 95 234 0 88 494 0 97 308 0 96 334 0 92 222 0 84 36 0
-0.0172595 -0.334329 1.7916
0 0 0
6 94 849 0 4 1274 0 88 1127 0 83 1512 0 82 1535 0 99 1064 0
0.143959 -0.368351 2.59404
0 0 0
6 88 1563 0 86 1561 0 81 1713 0 96 1496 0 85 1580 0 84 1656 0
0.135373 -0.0549397 0.848992
0 0 0
7 89 241 0 90 67 0 88 573 0 86 380 0 87 516 0 85 573 0 5 1170 0
-0.0432559 0.146485 1.26054
0 0 0
3 1 1738 0 88 1797 0 87 1808 0
0.135812 -0.0973007 0.838688
0 0 0
5 3 607 0 88 55 0 86 512 0 87 489 0 5 946 0
0.134835 -0.124839 0.818748
0 0 0
4 3 1096 0 89 236 0 88 445 0 87 663 0
0.135013 -0.122178 0.858372
0 0 0
6 4 1114 0 3 683 0 88 477 0 86 375 0 87 478 0 5 1503 0
0.136179 -0.125822 0.827813
0 0 0
11 104 298 0 94 222 0 3 1310 0 101 252 0 105 291 0 95 138 0 90 237 0 88 673 0 97 288 0 96 288 0 2 864 0
-0.055054 0.109034 0.682369
0 0 0
4 89 1156 0 90 998 0 91 771 0 92 754 0
0.136928 -0.0525852 0.875999
0 0 0
4 89 1651 0 90 1571 0 86 1797 0 92 1226 0
0.141691 -0.160708 1.3251
0 0 0
8 95 125 0 89 130 0 90 210 0 91 451 0 88 808 0 86 752 0 92 132 0 87 761 0
0.137047 -0.100107 0.869451
0 0 0
5 3 1652 0 90 1225 0 91 1232 0 86 1486 0 85 1455 0
0.165156 -0.0398964 1.03998
0 0 0
3 89 1509 0 88 1638 0 87 1786 0
0.134971 -0.0860147 0.871229
0 0 0
3 91 184 0 86 745 0 5 1194 0
-0.178737 0.096565 0.801333
0 0 0
10 94 1262 0 93 465 0 95 710 0 89 1521 0 90 929 0 91 1265 0 88 1674 0 97 1139 0 96 652 0 92 920 0
-0.179705 0.0964654 0.801207
0 0 0
10 94 1447 0 93 1415 0 95 1440 0 89 1401 0 90 1666 0 91 1678 0 88 1674 0 99 1700 0 96 1607 0 92 1748 0
0.149101 0.0738239 1.0021
0 0 0
12 94 1759 0 93 1639 0 95 1755 0 89 1809 0 90 1791 0 91 1826 0 88 1955 0 86 1833 0 97 1802 0 96 1708 0 92 1711 0 87 1853 0
0.137436 0.0690111 0.97306
0 0 0
9 94 1808 0 93 1742 0 89 1938 0 90 1887 0 91 1935 0 88 1955 0 97 1746 0 96 1794 0 92 1785 0
0.134675 -0.122054 0.858308
0 0 0
6 95 845 0 90 529 0 86 1180 0 96 397 0 87 1074 0 85 1171 0
0.13485 0.0315514 1.20229
0 0 0
13 94 753 0 98 1191 0 95 702 0 89 1247 0 90 1252 0 91 660 0 88 1137 0 83 1317 0 97 1223 0 96 627 0 92 714 0 85 1388 0 84 1167 0
0.135693 -0.0795071 0.870607
0 0 0
15 104 846 0 0 1560 0 4 1906 0 3 1904 0 102 422 0 93 1503 0 95 1538 0 89 1740 0 91 1749 0 88 1830 0 97 1481 0 96 1596 0 87 1867 0 2 1654 0 5 1945 0
0.113976 0.0111863 1.50091
0 0 0
4 95 636 0 88 678 0 83 978 0 96 399 0
0.132788 -0.403395 2.38165
0 0 0
6 93 534 0 88 509 0 83 1059 0 86 589 0 81 1005 0 96 544 0
-0.11383 -0.547567 3.83916
0 0 0
14 104 1365 0 94 1185 0 79 1508 0 1 1437 0 101 1281 0 89 1325 0 90 1152 0 88 1352 0 82 1498 0 81 1500 0 97 1254 0 92 1408 0 84 1331 0 5 1441 0
-0.00584189 -0.382225 2.26669
0 0 0
11 104 192 0 0 179 0 102 56 0 93 70 0 95 57 0 88 556 0 97 428 0 96 153 0 87 740 0 85 767 0 2 509 0
-0.0601578 0.106211 0.710978
0 0 0
4 89 561 0 90 283 0 91 306 0 96 61 0
0.132257 0.0163104 1.37247
0 0 0
3 93 1475 0 88 1683 0 87 1634 0
-0.181747 0.0737114 0.802971
0 0 0
6 104 511 0 93 824 0 89 766 0 90 472 0 88 687 0 87 681 0
0.125833 0.0446076 0.9299
0 0 0
4 89 1943 0 88 1978 0 86 1934 0 87 1981 0
0.132242 -0.16843 1.26273
0 0 0
9 94 365 0 0 1107 0 105 403 0 91 699 0 88 1057 0 86 1119 0 97 660 0 96 372 0 84 1592 0
-0.192376 0.0376131 1.80236
0 0 0
3 88 400 0 86 956 0 85 795 0
0.13662 0.0298114 0.981079
0 0 0
17 104 1445 0 94 1761 0 0 3305 0 101 1521 0 100 1677 0 103 1464 0 102 1496 0 98 1691 0 93 1640 0 95 1812 0 89 1848 0 90 1829 0 91 1913 0 99 1747 0 97 1803 0 96 1861 0 92 1764 0
0.129814 -0.0519721 0.860713
0 0 0
5 93 925 0 89 1320 0 90 1221 0 86 1680 0 96 1130 0
0.135311 -0.0764493 0.855429
0 0 0
6 93 920 0 90 1223 0 91 1231 0 88 1572 0 86 1656 0 92 1228 0
0.137602 -0.0803857 0.874053
0 0 0
11 98 1368 0 93 1384 0 95 1423 0 89 1581 0 90 1577 0 91 1491 0 88 1714 0 97 1480 0 96 1505 0 87 1802 0 2 1479 0
0.142201 -0.0627977 0.872606
0 0 0
9 94 1602 0 4 1964 0 3 1966 0 89 1730 0 90 1739 0 91 1748 0 88 1787 0 92 1656 0 5 1970 0
-0.183951 -0.0503266 0.825852
0 0 0
4 88 1792 0 86 1725 0 97 1693 0 87 1811 0
0.131723 0.0673147 0.956042
0 0 0
6 93 1858 0 89 1976 0 90 1939 0 91 1964 0 96 1889 0 92 1943 0
0.135242 -0.0514376 0.874222
0 0 0
3 90 68 0 91 277 0 87 1219 0
0.136026 -0.0754167 0.856161
0 0 0
3 4 1186 0 89 517 0 87 1013 0
-0.0587218 0.107984 0.720978
0 0 0
8 105 937 0 98 650 0 93 831 0 95 1041 0 89 1144 0 90 999 0 91 953 0 92 1087 0
0.135942 0.0483315 0.953649
0 0 0
10 94 1760 0 0 3669 0 95 1864 0 89 1847 0 90 1882 0 91 1846 0 99 1852 0 97 1747 0 96 1795 0 92 1904 0
0.134162 -0.0914021 0.823954
0 0 0
4 93 1236 0 89 1348 0 90 1356 0 88 1553 0
0.140674 -0.0485335 0.862101
0 0 0
4 94 1420 0 93 1723 0 95 1534 0 92 1479 0
-0.1807 0.0687471 0.834506
0 0 0
14 104 1891 0 94 1920 0 0 3868 0 100 1898 0 98 1836 0 93 1896 0 95 1901 0 89 1922 0 90 1924 0 91 1943 0 99 1978 0 97 1846 0 96 1863 0 92 1871 0
0.145737 -0.151769 2.70453
0 0 0
16 94 1568 0 98 1435 0 93 1598 0 95 1496 0 89 1675 0 90 1611 0 91 1608 0 88 1749 0 83 1830 0 82 1790 0 86 1692 0 96 1512 0 92 1605 0 87 1693 0 85 1703 0 84 1780 0
0.125067 0.069488 1.33341
0 0 0
4 89 691 0 88 704 0 86 616 0 87 1070 0
-0.00847841 0.114452 0.578179
0 0 0
2 90 314 0 91 341 0
-0.184136 0.0186897 0.367262
0 0 0
4 89 1665 0 90 1626 0 91 1628 0 92 1526 0
0.136752 0.090729 0.814963
0 0 0
9 103 614 0 93 634 0 95 166 0 89 627 0 90 629 0 91 636 0 88 751 0 96 329 0 87 894 0
0.13513 -0.072434 0.841841
0 0 0
4 4 1320 0 3 1399 0 98 159 0 90 61 0
0.139298 0.0671708 0.956276
0 0 0
5 93 1339 0 95 1474 0 97 1276 0 96 1367 0 92 1425 0
0.192192 -0.073416 1.13596
0 0 0
4 89 525 0 88 641 0 86 441 0 87 582 0
-0.0392535 0.106392 0.691671
0 0 0
4 89 1046 0 90 854 0 91 973 0 96 788 0
0.136529 -0.0514785 0.875949
0 0 0
4 95 398 0 91 693 0 96 509 0 87 1340 0
-0.160862 0.115872 0.640921
0 0 0
5 93 657 0 89 848 0 90 185 0 91 508 0 92 500 0
0.135183 0.0481365 0.95213
0 0 0
6 89 1901 0 90 1888 0 91 1890 0 88 1954 0 96 1860 0 87 1954 0
0.139918 0.0293785 1.01265
0 0 0
7 94 1935 0 89 1983 0 90 1948 0 88 2005 0 97 1982 0 96 1933 0 92 1959 0
0.111897 -0.155236 2.5002
0 0 0
27 94 1871 0 79 1884 0 100 1817 0 98 1867 0 93 1824 0 95 1824 0 89 1869 0 90 1877 0 91 1864 0 88 1852 0 83 1931 0 82 1936 0 77 1933 0 86 1842 0 99 1832 0 74 2001 0 81 1934 0 97 1812 0 78 1936 0 96 1875 0 92 1869 0 87 1859 0 85 1854 0 76 1927 0 75 1984 0 80 1903 0 84 1922 0
0.141204 0.0835257 0.90857
0 0 0
6 94 639 0 93 754 0 89 962 0 90 1079 0 86 1182 0 87 1285 0
-0.157063 0.111084 0.671377
0 0 0
3 89 438 0 90 187 0 96 11 0
-0.0263712 0.118986 0.607297
0 0 0
4 89 938 0 90 545 0 91 589 0 92 287 0
-0.174223 0.0848478 0.385395
0 0 0
3 90 176 0 91 483 0 92 756 0
0.0108201 0.115328 0.646703
0 0 0
4 93 32 0 89 966 0 90 758 0 91 718 0
-0.0541755 0.110171 0.688868
0 0 0
2 89 1435 0 92 949 0
-0.0624468 0.119048 0.608948
0 0 0
4 89 780 0 90 541 0 91 585 0 92 597 0
0.163741 -0.060674 1.08887
0 0 0
9 94 1898 0 1 1997 0 93 1839 0 95 1875 0 89 1942 0 90 1886 0 91 1888 0 96 1872 0 92 1874 0
-0.0492538 0.118385 0.600605
0 0 0
3 89 1030 0 90 811 0 91 769 0
-0.0373775 0.117013 0.636777
0 0 0
4 103 1006 0 93 28 0 89 1043 0 92 800 0
0.134919 -0.110445 0.864263
0 0 0
7 4 1832 0 95 1129 0 89 1476 0 90 1359 0 88 1652 0 96 1098 0 5 1829 0
-0.183392 0.0177555 0.362592
0 0 0
6 0 1693 0 102 187 0 95 452 0 89 1520 0 90 1267 0 91 1099 0
0.139059 -0.100641 0.884277
0 0 0
4 89 1811 0 90 1740 0 88 1838 0 87 1900 0
0.120412 -0.00810882 1.72709
0 0 0
5 89 457 0 90 107 0 81 1152 0 97 73 0 85 816 0
-0.183794 0.0181509 0.365735
0 0 0
3 89 644 0 90 445 0 91 351 0
-0.181004 0.0795068 0.953173
0 0 0
11 94 1707 0 1 1877 0 101 1656 0 105 1713 0 93 1625 0 95 1691 0 89 1829 0 90 1726 0 91 1875 0 88 2001 0 96 1687 0
0.0115547 0.116099 0.649449
0 0 0
5 98 98 0 93 590 0 89 774 0 90 640 0 91 639 0
-0.18052 0.0301003 1.39806
0 0 0
3 89 747 0 90 432 0 85 1402 0
0.0175039 0.120874 0.59542
0 0 0
8 104 1120 0 0 2194 0 105 967 0 103 1195 0 102 1135 0 89 1492 0 90 1244 0 91 1100 0
-0.178747 0.101538 0.697881
0 0 0
3 89 1865 0 90 1851 0 92 1780 0
0.1744 -0.399981 2.78701
0 0 0
6 89 109 0 90 81 0 91 149 0 88 127 0 87 110 0 85 425 0
-0.182955 0.0375153 0.366006
0 0 0
5 98 234 0 89 921 0 90 723 0 91 509 0 92 507 0
-0.160193 0.117803 0.649922
0 0 0
7 0 1851 0 102 859 0 93 1032 0 89 1351 0 90 1098 0 91 1106 0 92 1167 0
-0.0915614 0.122515 0.573369
0 0 0
3 89 1119 0 90 794 0 91 834 0
0.00299696 0.108369 0.681255
0 0 0
3 89 1179 0 90 761 0 91 783 0
-0.0223396 0.118924 0.595511
0 0 0
4 89 1713 0 90 1701 0 91 1601 0 92 1591 0
0.137742 0.0786021 0.934011
0 0 0
5 90 233 0 91 58 0 86 863 0 97 313 0 87 705 0
-0.18537 -0.0439061 0.842679
0 0 0
3 89 715 0 96 321 0 92 185 0
0.132471 0.000903806 1.73243
0 0 0
15 101 502 0 93 428 0 89 798 0 90 733 0 91 513 0 88 595 0 83 964 0 82 1171 0 86 958 0 81 1011 0 97 857 0 96 424 0 87 714 0 85 1147 0 84 679 0
0.141634 0.0656772 1.39209
0 0 0
5 105 1562 0 93 1605 0 90 1615 0 88 1730 0 92 1611 0
-0.030103 0.120662 0.581575
0 0 0
3 89 1290 0 90 1196 0 91 1214 0
0.134088 -0.0485082 0.852684
0 0 0
4 95 1138 0 90 1335 0 91 1229 0 99 1050 0
0.140316 0.0795941 0.941166
0 0 0
7 94 669 0 98 1134 0 90 685 0 91 1256 0 97 1011 0 96 831 0 92 923 0
0.135548 0.065971 0.943322
0 0 0
4 94 1047 0 93 973 0 88 1434 0 96 1048 0
0.115453 -0.0585657 0.827918
0 0 0
3 100 1857 0 91 1903 0 92 1891 0
0.0988857 0.116106 0.862028
0 0 0
3 89 1842 0 91 1817 0 92 1816 0
-0.185133 0.0193294 0.375085
0 0 0
3 90 677 0 91 646 0 92 179 0
0.136577 0.107268 0.960802
0 0 0
3 89 1946 0 91 1907 0 92 1908 0
0.130959 -0.0635262 0.94931
0 0 0
5 90 1536 0 88 1691 0 92 1447 0 87 1638 0 85 1780 0
0.1406 0.0784455 0.9391
0 0 0
3 93 1595 0 89 1737 0 87 1818 0
0.13482 -0.0639001 0.96185
0 0 0
5 90 1644 0 88 1806 0 92 1661 0 87 1787 0 85 1860 0
0.139437 0.0816741 2.49767
0 0 0
6 89 907 0 90 934 0 91 1071 0 88 932 0 82 1174 0 86 908 0
-0.182918 0.0366643 0.364341
0 0 0
4 100 1143 0 89 1664 0 90 1519 0 92 1260 0
-0.182903 0.0397756 0.366514
0 0 0
3 89 920 0 90 192 0 92 216 0
-0.037185 0.11747 0.639217
0 0 0
3 93 605 0 90 579 0 91 355 0
-0.0835451 0.103922 0.592445
0 0 0
3 90 1597 0 91 1534 0 92 1588 0
-0.183152 0.0355062 0.3636
0 0 0
6 94 1462 0 100 1295 0 93 1139 0 90 1618 0 91 1679 0 96 1150 0
-0.181044 0.0315214 0.348208
0 0 0
3 90 1868 0 91 1833 0 96 1774 0
0.0641053 0.112393 0.680837
0 0 0
3 89 586 0 90 346 0 91 345 0
0.13563 -0.0945015 1.24254
0 0 0
9 94 961 0 95 929 0 90 1248 0 91 1111 0 88 1605 0 97 961 0 96 1140 0 92 1252 0 85 1426 0
0.110187 0.0619446 1.26089
0 0 0
3 89 947 0 90 694 0 92 709 0
-0.0394882 0.127672 0.546244
0 0 0
3 90 808 0 91 379 0 92 841 0
-0.0482582 0.107847 0.710486
0 0 0
4 93 320 0 90 577 0 91 347 0 96 60 0
-0.117381 0.35447 1.45833
0 0 0
4 89 1899 0 90 1855 0 91 1880 0 92 1950 0
0.00300209 0.336422 1.41423
0 0 0
4 89 1952 0 90 1955 0 91 1947 0 92 1956 0
-0.0344318 0.10589 0.752814
0 0 0
5 89 823 0 90 568 0 99 173 0 97 320 0 96 316 0
0.136442 0.103942 0.709824
0 0 0
11 104 1103 0 0 3084 0 101 1643 0 100 1495 0 103 1501 0 102 1430 0 98 1428 0 93 1305 0 90 1583 0 91 1767 0 99 1452 0
0.135323 -0.142883 1.19405
0 0 0
9 98 421 0 93 486 0 95 853 0 89 1024 0 91 696 0 86 1260 0 96 369 0 92 648 0 85 912 0
-0.0261439 0.125064 0.503219
0 0 0
3 90 1459 0 91 1457 0 92 1317 0
-0.173862 0.083685 0.380001
0 0 0
3 90 1524 0 91 1523 0 92 1428 0
-0.176682 0.0918621 0.404291
0 0 0
3 90 1746 0 91 1740 0 92 1791 0
0.135498 -0.0908913 0.827338
0 0 0
7 4 1720 0 3 1687 0 93 839 0 91 913 0 97 881 0 92 661 0 5 1721 0
-0.00371138 -0.414938 4.03161
0 0 0
7 104 1637 0 3 1727 0 101 1678 0 103 1652 0 102 1671 0 95 1667 0 91 1732 0
0.186224 -0.0361941 2.61736
0 0 0
11 94 1853 0 93 1868 0 95 1841 0 89 1887 0 90 1897 0 91 1915 0 83 1938 0 96 1873 0 92 1918 0 87 1898 0 85 1891 0
-0.174269 0.085082 0.385909
0 0 0
3 90 176 0 91 797 0 92 941 0
0.135048 -0.08032 0.843349
0 0 0
9 94 1604 0 1 1782 0 98 1577 0 93 1587 0 95 1537 0 91 1675 0 97 1666 0 96 1675 0 92 1663 0
-0.174441 0.0853983 0.386655
0 0 0
3 90 462 0 91 975 0 92 1264 0
-0.174203 0.08515 0.385254
0 0 0
3 90 984 0 91 1134 0 92 1407 0
-0.181039 0.0824532 0.372753
0 0 0
3 90 894 0 91 736 0 92 485 0
0.132466 -0.141345 1.27471
0 0 0
6 98 272 0 93 190 0 95 122 0 90 532 0 97 114 0 92 434 0
0.0513187 0.0216776 0.701002
0 0 0
3 94 1966 0 93 1929 0 90 1983 0
0.0457477 -0.190165 0.516832
0 0 0
4 93 782 0 95 690 0 97 978 0 96 659 0
0.172774 -0.0705014 1.07955
0 0 0
3 90 1174 0 91 1063 0 92 823 0
0.159842 -0.0902006 0.689792
0 0 0
9 94 917 0 0 2300 0 1 1564 0 101 1245 0 105 1024 0 100 894 0 98 1082 0 93 931 0 97 719 0
0.141645 0.0673217 0.812442
0 0 0
9 94 1880 0 98 1735 0 93 1800 0 95 1863 0 90 1866 0 91 1843 0 99 1761 0 97 1801 0 92 1822 0
-0.182932 0.0397843 0.363216
0 0 0
6 94 1553 0 103 1694 0 102 1522 0 90 1867 0 99 1544 0 92 1778 0
-0.182758 0.0401039 0.362951
0 0 0
6 100 1879 0 103 1619 0 102 1680 0 90 1867 0 99 1628 0 92 1811 0
0.108888 0.0452854 1.2909
0 0 0
5 93 1848 0 89 1945 0 90 1933 0 91 1922 0 92 1886 0
0.00300245 0.337642 1.41497
0 0 0
3 90 1976 0 91 1962 0 92 1979 0
0.137105 0.102537 0.711594
0 0 0
10 104 1742 0 0 3292 0 101 1730 0 105 1733 0 100 1741 0 103 1738 0 102 1681 0 91 1822 0 99 1653 0 92 1749 0
0.135477 -0.124654 0.823131
0 0 0
7 94 1278 0 93 1238 0 95 1146 0 88 1773 0 97 1206 0 96 1408 0 92 1211 0
0.166112 -0.102284 0.688051
0 0 0
3 0 1977 0 101 899 0 92 1231 0
0.133999 -0.0969926 0.835774
0 0 0
9 3 1572 0 100 552 0 103 47 0 98 167 0 95 847 0 97 461 0 96 766 0 92 391 0 2 713 0
0.135625 -0.154338 1.19852
0 0 0
6 95 1168 0 88 1489 0 97 993 0 96 904 0 92 1188 0 5 1481 0
-0.181966 0.0692156 0.874993
0 0 0
9 94 1953 0 101 1895 0 93 1856 0 95 1934 0 89 1972 0 90 1977 0 91 1969 0 96 1925 0 92 1987 0
-0.192325 0.0220768 2.07724
0 0 0
3 95 3 0 86 1169 0 96 323 0
0.155595 -0.0547932 1.03241
0 0 0
